"Centro Nacional de Control de Energia"
"Estadistica de la Energia Generada Liquidada Agregada (MWh) Intermitente y Firme por Tipo de Tecnologia"
"Sistema Electrico Nacional"
"Dias de Operacion del Mes de: julio 2019"
"Proceso de Liquidacion: Re-Liquidacion Intermedia (L2) "
"Archivo descargado desde el Sistema de Informacion del Mercado (Area Publica) creado el 20/nov/2019 05:10:01 hrs."
"Nota: Los acentos de este reporte se omiten intencionalmente por sistema."
"Sistema"," Dia"," Hora"," Eolica"," Fotovoltaica","  Biomasa"," Carboelectrica"," Ciclo Combinado"," Combustion Interna"," Geotermoelectrica"," Hidroelectrica"," Nucleoelectrica"," Termica Convencional"," Turbo Gas"
"SEN","01/07/2019","1","2880.7254","0","1.9928","2084.4062","21196.5763","381.8398","579.693","2218.8503","1456.7158","4665.1718","1527.8023"
"SEN","01/07/2019","2","2855.7285","0","1.993","2073.1456","20958.9228","380.2597","580.841","1600.1426","1368.8872","4390.7652","1455.2694"
"SEN","01/07/2019","3","2721.5451","0","1.9934","2078.2385","20545.8659","378.387","581.3488","1181.9968","1411.8505","4344.2698","1395.4"
"SEN","01/07/2019","4","2870.8375","0","1.9949","1974.0213","20252.9163","375.5267","581.1192","659.3061","1429.0445","4351.9656","1493.1113"
"SEN","01/07/2019","5","2684.0423","0","1.996","2098.7074","19969.24","373.4888","579.9054","736.8214","1440.6241","4258.3195","1558.2708"
"SEN","01/07/2019","6","2496.4685","0.0554","1.996","2142.6576","20093.3859","373.2529","578.5585","1012.2625","1444.2635","4145.6536","1593.8633"
"SEN","01/07/2019","7","2239.1879","13.718","1.9951","2189.1201","20897.9524","377.5909","579.4835","1050.849","1457.6314","4408.6943","1938.1804"
"SEN","01/07/2019","8","2315.1095","187.1241","1.9967","2242.3313","21134.9729","381.5428","578.1432","1457.4078","1473.0255","4438.7015","2066.1642"
"SEN","01/07/2019","9","2036.0155","1347.037","1.9981","2478.5903","20892.801","376.1696","578.8481","1961.6741","1482.7571","4590.9774","2158.0735"
"SEN","01/07/2019","10","1860.7899","2754.9606","1.9895","2999.8895","20466.0159","366.7154","576.4139","2005.1521","1488.3261","5032.5347","2173.3605"
"SEN","01/07/2019","11","1997.5658","3155.6123","1.9857","3136.6294","20520.0719","366.1645","577.1066","2039.3427","1500.7737","5307.5589","2176.3447"
"SEN","01/07/2019","12","2050.98","3246.6022","1.9811","3148.6491","20761.7166","363.6351","576.458","2771.602","1511.2454","5485.8362","2028.7799"
"SEN","01/07/2019","13","2373.3782","3189.9196","1.9776","3133.7142","20537.3968","366.5156","576.2964","3094.4998","1521.1104","5843.8577","1988.6638"
"SEN","01/07/2019","14","2532.7363","3093.6257","1.9731","2998.5149","20325.096","370.0039","575.2617","3892.3064","1522.0751","5857.7947","2007.2082"
"SEN","01/07/2019","15","2648.8855","2789.36","1.9737","2979.1168","20285.9576","365.2327","571.7506","4495.4011","1521.0012","5796.0769","2124.4467"
"SEN","01/07/2019","16","2622.1179","2619.9849","1.9829","3110.2926","20599.5141","367.9737","562.2971","4861.4664","1523.1813","5922.1924","2240.5019"
"SEN","01/07/2019","17","2501.1773","2575.8145","1.9858","3110.8255","20548.9759","368.4236","566.5632","5172.475","1521.3689","5963.8156","2249.4771"
"SEN","01/07/2019","18","2632.2434","1979.4338","1.9857","3091.1302","20531.6765","368.0685","561.2792","5295.4656","1519.8681","6016.6508","2235.7778"
"SEN","01/07/2019","19","2727.7777","1325.8912","1.9861","3087.0387","20575.4576","369.451","562.7178","4412.4416","1517.5285","5980.4343","2238.1735"
"SEN","01/07/2019","20","2522.7853","1152.0871","1.9868","3031.1439","20893.7086","372.1253","567.3982","3559.0805","1516.5209","6182.772","2258.9286"
"SEN","01/07/2019","21","2361.226","268.9847","1.9882","3043.7248","21266.0608","375.2763","573.1746","4587.3066","1517.3941","6167.7302","2295.6769"
"SEN","01/07/2019","22","2350.76","8.7022","1.9899","3110.4946","21363.1717","376.6721","578.2931","5670.0752","1518.8034","6107.9623","2351.4553"
"SEN","01/07/2019","23","2380.4","0","1.9914","3100.5761","21306.1441","378.6622","581.3054","5759.729","1520.9247","6109.6415","2308.5284"
"SEN","01/07/2019","24","2171.9376","0","1.9922","3080.4926","20861.0165","376.4924","579.9157","5361.2372","1524.0071","6039.2648","2154.2979"
"SEN","02/07/2019","1","2294.8338","0","1.9927","3079.6078","20924.0694","373.4626","579.2392","3354.6894","1526.3329","5947.1969","1936.0799"
"SEN","02/07/2019","2","2235.0275","0","1.9932","3096.5735","20953.0026","375.7033","576.4709","2155.0972","1529.5544","5967.1434","1869.083"
"SEN","02/07/2019","3","2143.3242","0","1.9933","2885.9755","21049.1933","375.912","573.4413","1370.7912","1531.9644","5956.2668","1865.438"
"SEN","02/07/2019","4","1986.2874","0","1.9939","2867.1774","20840.9529","372.1695","575.1016","1007.8538","1532.4791","5807.7229","1901.3957"
"SEN","02/07/2019","5","1917.3946","0","1.9948","2863.6793","20603.6552","369.4404","577.2236","1116.2494","1531.2278","5707.4728","1926.8387"
"SEN","02/07/2019","6","1667.0349","0.0528","1.9973","2846.7585","20799.6797","375.0982","578.0985","973.857","1529.2314","5747.7759","1966.205"
"SEN","02/07/2019","7","1594.889","14.8035","1.9976","2850.2622","21236.0286","379.0104","577.251","1075.9463","1528.0594","5932.8609","1982.9705"
"SEN","02/07/2019","8","1682.7711","185.6439","1.9987","2848.5416","21477.8872","380.669","570.1406","1370.0288","1526.6851","5982.7979","1989.098"
"SEN","02/07/2019","9","1502.5097","1302.0792","1.9954","2997.8929","21601.2354","379.1826","570.9989","1461.6068","1524.9121","5975.4084","1986.9436"
"SEN","02/07/2019","10","1714.9461","2671.7111","1.9889","3085.8597","21698.0265","371.6424","571.6922","1496.8561","1526.7844","5799.1105","2056.413"
"SEN","02/07/2019","11","2318.5852","3004.4378","2.0635","3100.8314","21853.7296","365.2434","570.5077","1333.3682","1524.7724","5827.96","2157.5069"
"SEN","02/07/2019","12","2304.3671","3117.6083","2.3139","3121.1921","21780.2145","363.4183","571.1536","2470.1825","1521.4618","5442.8007","2177.1134"
"SEN","02/07/2019","13","2186.7785","3145.0512","2.3125","3122.1181","21470.0403","362.7424","570.4439","4064.922","1520.9435","5173.5814","2148.1664"
"SEN","02/07/2019","14","2344.4132","3191.048","3.3081","3102.02","21428.5632","367.7237","570.9208","4309.211","1521.1799","5241.8594","2157.4207"
"SEN","02/07/2019","15","2522.4974","2895.714","3.5223","3147.3836","21684.6593","367.7127","571.1844","4732.4327","1521.0715","5238.6514","2065.5178"
"SEN","02/07/2019","16","2509.8075","2370.0576","3.5222","3137.9473","21679.8165","363.4649","569.488","5720.3711","1518.281","5232.4488","2043.6801"
"SEN","02/07/2019","17","2092.8882","2443.4497","3.3744","3102.0004","21644.8738","365.4359","565.9894","6223.2757","1513.4218","5215.2741","2044.6742"
"SEN","02/07/2019","18","1778.9399","2237.2956","3.5229","3093.2709","21655.2712","367.7186","562.7087","6230.4095","1509.7654","5175.873","2072.3339"
"SEN","02/07/2019","19","1812.8953","1956.2355","3.5913","3094.6193","21831.9739","370.1096","565.1058","5166.6261","1505.5821","5174.1248","2108.3307"
"SEN","02/07/2019","20","1875.8104","1080.9197","3.5926","3128.825","22005.7588","373.3171","566.5293","4934.594","1503.1051","5271.4622","2201.277"
"SEN","02/07/2019","21","1767.5018","285.8692","3.5934","3038.5704","22150.124","376.2739","569.5883","6247.2055","1504.9684","5270.1993","2289.1926"
"SEN","02/07/2019","22","1746.6899","9.2641","3.5917","2886.4912","22193.6768","379.3525","573.173","7410.2361","1507.5004","5304.9439","2313.9527"
"SEN","02/07/2019","23","1819.1932","0.012","3.5923","2893.4023","21731.6938","380.7801","573.9879","8052.4497","1510.0064","5280.6053","2169.3083"
"SEN","02/07/2019","24","1874.5161","0.012","3.5934","2835.7111","21490.1935","380.4208","573.9221","7409.8898","1512.078","5163.3598","2137.2312"
"SEN","03/07/2019","1","1826.0387","0.012","3.5953","2820.1763","21022.8537","379.4373","575.6776","5857.5043","1514.8911","5094.5809","2128.2502"
"SEN","03/07/2019","2","1922.1966","0.012","3.5959","2823.6524","20797.4269","383.1714","575.1661","4193.9975","1518.4589","5102.6511","2130.2456"
"SEN","03/07/2019","3","1804.5838","0.012","3.5966","2828.1397","20663.4583","385.1672","574.3584","3003.0892","1521.7107","5273.672","2114.743"
"SEN","03/07/2019","4","1707.1325","0.012","3.5971","2823.5324","20538.6112","380.8254","574.7298","1657.8479","1523.8087","5858.3618","2111.4681"
"SEN","03/07/2019","5","1761.1866","0.012","3.598","2857.7039","20847.6824","350.2472","577.1688","788.1177","1525.8236","5969.1632","2138.7348"
"SEN","03/07/2019","6","1502.1314","0.0603","3.5979","2849.2669","21003.5224","349.4215","577.4865","797.648","1526.7834","5885.1047","2157.1165"
"SEN","03/07/2019","7","1327.1362","15.0784","3.5973","2966.8642","21225.2674","351.3105","576.5799","1409.7211","1525.1403","5878.5731","2182.9057"
"SEN","03/07/2019","8","1277.4142","156.9873","3.5997","3095.6396","21379.2517","370.0643","571.8418","1476.5829","1524.363","5857.1874","2170.848"
"SEN","03/07/2019","9","1238.8407","1061.7964","3.581","3122.012","21441.1422","386.7925","571.6431","1711.7233","1524.9382","5883.4376","2178.4703"
"SEN","03/07/2019","10","1465.6909","2216.9861","3.2451","3099.8012","21191.0386","387.0127","571.4158","2038.899","1525.7301","5872.2719","2188.7454"
"SEN","03/07/2019","11","1637.4117","2891.9811","3.4329","3112.58","21146.5538","385.2045","569.5372","2247.1141","1524.751","5874.7728","2094.4872"
"SEN","03/07/2019","12","1698.1172","3166.2596","3.4285","3115.4859","21470.3086","382.091","551.6173","2492.8639","1522.7703","5918.1223","2036.9376"
"SEN","03/07/2019","13","1869.6122","3196.4535","3.4372","3090.2137","21618.5618","378.7654","548.6623","2900.9742","1520.2715","5982.8796","2056.3681"
"SEN","03/07/2019","14","1841.9121","3173.559","3.5125","3123.3773","21780.4118","377.2883","549.0782","3477.8801","1517.3517","6009.8092","2141.8852"
"SEN","03/07/2019","15","2253.9828","3046.6526","3.4222","3097.1962","21707.7147","380.6559","549.467","3560.5888","1515.2913","5987.73","2095.178"
"SEN","03/07/2019","16","2607.4538","2773.7255","3.4229","3110.9353","21731.5302","380.2469","559.4152","4055.8222","1513.4737","6082.0271","2035.2927"
"SEN","03/07/2019","17","2603.5193","2607.9817","3.4284","3097.8324","21766.2482","377.095","575.5975","4506.9878","1512.5074","6037.1393","2058.6135"
"SEN","03/07/2019","18","2664.411","2034.2347","3.4296","3121.6698","21926.0012","376.9535","574.0444","4298.0111","1511.0309","6047.3629","2054.188"
"SEN","03/07/2019","19","2434.0366","1739.9269","3.4292","3103.9557","21889.6205","376.3666","570.1663","3468.4497","1510.9115","6036.037","2152.5739"
"SEN","03/07/2019","20","2252.2735","1214.3049","3.4304","3139.9824","22073.5522","377.4369","572.2214","3130.7797","1512.4888","6031.9472","2205.6488"
"SEN","03/07/2019","21","2192.2598","323.1414","3.4319","3138.5781","21889.4168","381.3555","576.2018","4572.8947","1514.9457","6092.401","2221.3746"
"SEN","03/07/2019","22","2142.1825","9.1652","3.4338","3146.7363","22022.2545","386.0252","579.1607","5813.8889","1515.8424","6137.1456","2214.8914"
"SEN","03/07/2019","23","2239.8217","0","3.4346","3137.7189","21845.1948","387.2913","579.4997","5814.711","1517.7142","6149.9186","2198.8048"
"SEN","03/07/2019","24","2058.7579","0","3.4364","3115.085","21683.718","386.3781","576.2087","5204.8707","1519.7933","6090.9282","2178.4546"
"SEN","04/07/2019","1","1951.1109","0","3.4355","3098.5953","20993.4855","382.6654","578.5976","4075.9464","1522.7027","5788.1377","2130.4225"
"SEN","04/07/2019","2","1884.5058","0","3.4357","3050.7725","21217.4852","380.0844","579.3357","2767.9833","1527.3198","5510.2252","2106.1511"
"SEN","04/07/2019","3","1871.6569","0","3.4391","2909.8744","21284.5813","374.2112","579.1172","2113.4779","1531.3642","5447.9588","2091.9699"
"SEN","04/07/2019","4","1751.0758","0","3.4394","2916.6221","21026.0159","376.4667","581.3038","1551.5168","1532.7657","5516.0252","2078.6906"
"SEN","04/07/2019","5","1611.6629","0","3.4396","2910.3659","21118.3285","384.11","579.8516","1084.4679","1534.1112","5474.8288","2003.9305"
"SEN","04/07/2019","6","1511.5333","0.043","3.4427","2924.5881","21151.7182","386.4247","579.6211","1158.3991","1534.7997","5409.3444","1979.7369"
"SEN","04/07/2019","7","1617.6973","13.9674","3.443","2933.1679","21013.0309","388.3979","579.4795","1735.2632","1535.0598","5435.5314","2015.7426"
"SEN","04/07/2019","8","1727.9506","154.0085","3.4437","2968.0458","21168.4606","387.9642","574.8142","1953.7049","1534.8325","5375.8611","2034.6739"
"SEN","04/07/2019","9","2033.6941","836.7276","3.4404","3148.0235","21272.7749","385.3971","572.1114","2260.8737","1534.4886","5252.366","2049.8008"
"SEN","04/07/2019","10","2535.2066","1822.1295","3.4326","3136.2015","20999.0783","383.3163","572.6171","2732.584","1535.8702","5177.6001","2059.4011"
"SEN","04/07/2019","11","2654.7139","2502.5854","3.247","3157.1133","21421.2884","379.3957","568.3544","2591.9604","1536.8961","5045.7711","2071.9297"
"SEN","04/07/2019","12","2598.3945","2909.8169","3.3097","3172.684","21580.4309","385.2053","570.5919","3565.1996","1536.109","4622.7216","2067.8552"
"SEN","04/07/2019","13","2755.3533","2885.5073","3.4205","2945.1264","21978.4393","399.7697","571.7878","4073.2154","1534.34","4480.9448","2015.8833"
"SEN","04/07/2019","14","2890.9937","2928.9051","3.4199","2541.5866","21955.3552","391.2562","572.0678","4920.1113","1531.5202","4496.6112","1947.9566"
"SEN","04/07/2019","15","2886.9528","2920.4819","3.4215","2565.7741","22055.2806","392","571.4294","5422.6935","1525.5933","4475.2967","1880.5222"
"SEN","04/07/2019","16","2768.6719","2662.5692","3.4213","2566.6802","22040.5504","388.8232","570.9011","6056.1447","1520.5334","4449.6099","1999.1738"
"SEN","04/07/2019","17","2816.5537","2589.5138","3.4205","2567.4866","22046.0077","387.8011","571.7686","6607.5414","1516.3926","4400.7586","2018.9748"
"SEN","04/07/2019","18","2953.8947","2253.9793","3.4221","2551.6277","22028.8655","390.7318","571.4781","6026.8096","1514.0352","4417.6509","1965.1843"
"SEN","04/07/2019","19","3025.6552","1872.9941","3.4237","2464.9667","22162.1427","389.4323","568.8078","5314.8182","1513.1257","4392.636","2001.4996"
"SEN","04/07/2019","20","2786.0921","1121.6658","3.4285","2526.186","22170.5574","391.4408","566.3779","5047.6276","1514.0033","4431.5411","2078.6116"
"SEN","04/07/2019","21","2649.3906","292.5977","3.4293","2721.0997","22288.971","394.1236","570.8569","6070.9195","1516.9887","4543.6794","2206.6849"
"SEN","04/07/2019","22","2692.7696","6.9213","3.4288","2720.1358","22566.9747","398.3089","571.5848","6816.6031","1522.3876","4587.3988","2286.6065"
"SEN","04/07/2019","23","2559.5243","0","3.4329","2526.8925","22828.5388","399.563","571.8373","6930.973","1526.1186","4580.9471","2260.558"
"SEN","04/07/2019","24","2669.9515","0","1.9439","2451.0799","22684.4916","399.5227","569.9263","6305.4595","1529.155","4453.0919","2243.0154"
"SEN","05/07/2019","1","2816.4373","0","0.9613","2428.9854","22418.0879","390.7454","572.2734","4237.4777","1532.652","4370.8973","2200.4907"
"SEN","05/07/2019","2","2657.7679","0","0.9627","2447.4072","22237.2017","390.2269","576.5284","3257.0782","1536.0045","4336.2078","2199.0143"
"SEN","05/07/2019","3","2640.0978","0.0056","0.9631","2441.9195","21717.8452","388.0714","577.7353","2645.4282","1539.0303","4317.9023","2168.8009"
"SEN","05/07/2019","4","2623.859","0.0003","0.9638","2446.3922","21655.7823","389.2803","577.0917","1814.8916","1540.9942","4365.963","2124.1544"
"SEN","05/07/2019","5","2639.5899","0","0.9638","2467.6138","21661.4327","379.8589","579.1067","1484.9689","1539.5276","4363.4546","2093.2155"
"SEN","05/07/2019","6","2506.835","0.0509","0.9649","2526.9417","21730.8944","391.4738","578.859","1389.1983","1534.165","4407.698","2048.4833"
"SEN","05/07/2019","7","2467.6093","13.5427","0.964","2703.031","21576.2218","394.0267","557.805","1493.9501","1530.5373","4755.687","2019.7846"
"SEN","05/07/2019","8","2451.9547","127.25","0.9669","2704.3029","21672.3303","393.1882","549.0763","1666.5806","1528.4027","4973.744","2012.4385"
"SEN","05/07/2019","9","2399.6265","826.4196","2.3798","2842.4096","21855.5177","391.586","546.2695","2215.6325","1527.64","4852.9303","2082.7671"
"SEN","05/07/2019","10","2626.7667","1965.5188","3.1675","3007.5104","21736.7875","393.8656","544.3666","2279.9552","1526.9493","4739.5435","2120.404"
"SEN","05/07/2019","11","2964.0377","2734.9278","3.6285","2996.5545","21861.7525","393.1781","540.7954","2169.8933","1526.0622","4717.8873","2125.2631"
"SEN","05/07/2019","12","3079.9244","2954.9248","3.6839","3017.243","21908.7388","384.8735","540.9002","2389.5767","1524.7964","4851.8533","2114.9212"
"SEN","05/07/2019","13","3244.645","3085.9021","3.6802","3013.6502","21888.2111","383.2702","542.6979","2901.1228","1523.7985","4992.8652","2106.8181"
"SEN","05/07/2019","14","3208.3889","3104.6949","3.5846","2988.6972","21835.1997","383.1391","542.7708","3218.757","1523.1919","5060.4765","2126.2659"
"SEN","05/07/2019","15","3225.0873","3013.4004","3.5547","3075.4149","21896.6482","382.1068","546.5489","3680.3155","1523.671","5062.2398","2124.7019"
"SEN","05/07/2019","16","3228.5188","2662.5867","2.36","3090.3906","22066.3658","385.3993","548.0729","4252.9283","1525.367","5083.0565","2151.8798"
"SEN","05/07/2019","17","3083.8155","2417.163","3.3573","3097.9212","22125.5022","388.5447","548.7409","4784.1689","1526.1297","5082.7206","2171.5206"
"SEN","05/07/2019","18","3384.0986","2225.3318","3.6857","3070.5051","21762.2949","391.98","548.6271","4079.2439","1526.1385","5035.1911","2198.8589"
"SEN","05/07/2019","19","3694.2123","1926.1407","3.541","3072.7601","21733.0301","393.3737","549.166","2851.7533","1523.9","5040.692","2166.0236"
"SEN","05/07/2019","20","3246.9599","1165.5187","3.6924","3093.2203","21790.0092","395.9015","546.7093","3011.5102","1521.7486","5069.1963","2144.0743"
"SEN","05/07/2019","21","2803.3181","250.9666","3.6951","3094.5019","22012.0707","400.7828","547.6633","4154.8333","1521.1583","5075.4007","2171.814"
"SEN","05/07/2019","22","2648.4747","12.497","3.6954","3123.7186","22348.2809","402.6345","573.0065","5157.3727","1521.1813","5079.0554","2226.0595"
"SEN","05/07/2019","23","2766.2719","0","3.6977","3116.9106","22259.7567","395.7487","573.0244","5291.2667","1521.1111","5100.2869","2232.0284"
"SEN","05/07/2019","24","2657.8261","0","3.6995","3110.1507","21962.6817","387.3838","571.9361","5258.0205","1520.1089","5052.4301","2226.4732"
"SEN","06/07/2019","1","2785.9061","0","3.7003","3038.063","21679.8732","373.639","573.5636","3647.8057","1487.8809","5053.0191","2235.8681"
"SEN","06/07/2019","2","2731.0315","0","3.7018","2844.8927","21730.7505","384.5967","575.3906","2920.9037","1223.3124","4993.9286","2221.2637"
"SEN","06/07/2019","3","2676.8013","0","3.5545","2754.0331","21446.6234","381.8093","577.1821","1906.0632","1083.5649","5125.807","2211.2474"
"SEN","06/07/2019","4","2628.0541","0","3.5332","2783.123","21313.8521","368.3358","576.8654","1348.6615","1071.4451","4878.4299","2199.9579"
"SEN","06/07/2019","5","2588.3581","0","3.6349","2766.3587","21256.1851","363.1241","577.9334","1294.5607","1011.3028","4673.7349","2193.722"
"SEN","06/07/2019","6","2608.7829","0.0504","3.6358","2779.0766","21191.6955","368.488","579.9739","1157.9031","949.1645","4581.1291","2184.8915"
"SEN","06/07/2019","7","2189.0559","11.607","3.6085","2800.5492","21208.7459","371.6355","580.7728","1321.6777","947.3314","4602.9221","2171.3577"
"SEN","06/07/2019","8","1978.9513","187.6017","3.5412","2773.3704","21102.0008","372.3986","578.3289","1312.4522","947.5411","4627.7332","2134.4073"
"SEN","06/07/2019","9","2017.4846","1123.1703","3.537","2715.6241","21152.1304","372.675","573.3846","1353.1111","919.0032","4664.2657","2108.165"
"SEN","06/07/2019","10","2399.4594","2315.2181","3.5283","2847.2396","21137.8703","372.493","569.7604","1515.8085","837.7774","4450.3536","2106.7415"
"SEN","06/07/2019","11","2810.3817","2756.8329","3.5234","2914.2616","21061.4967","373.0205","570.0495","1647.9681","801.9326","4454.5929","2101.84"
"SEN","06/07/2019","12","2930.2986","3017.639","3.594","2990.9335","21036.6027","373.4622","570.9398","2106.7374","789.7625","4562.4555","2120.901"
"SEN","06/07/2019","13","2980.0384","3073.8214","3.6308","3003.6421","20952.5563","372.9168","571.7606","2727.7294","760.3896","4571.1161","2148.7719"
"SEN","06/07/2019","14","3143.5669","3187.9841","3.631","2940.0309","20913.4337","374.2225","573.8884","2707.0458","759.3914","4558.0976","2169.0763"
"SEN","06/07/2019","15","3196.9555","3166.7614","3.6322","2940.9182","20967.9241","373.3709","573.7837","2383.8288","759.0337","4635.8118","2172.1421"
"SEN","06/07/2019","16","3253.226","3064.367","3.6329","3007.2014","21063.8148","376.3911","572.155","2210.6639","758.3937","4617.2574","2167.7965"
"SEN","06/07/2019","17","3272.7368","2692.2341","3.6351","3068.6129","21331.0216","374.6773","571.505","2501.3467","758.2427","4488.3884","2177.9161"
"SEN","06/07/2019","18","3148.6554","2464.1183","3.638","3024.8081","21362.4746","375.3708","571.5815","2665.4544","758.1986","4475.6514","2203.5441"
"SEN","06/07/2019","19","3216.7672","2299.6772","3.6397","3030.8214","21278.7192","376.1996","573.0144","2211.0519","758.1635","4421.078","2210.0184"
"SEN","06/07/2019","20","3135.0209","1473.053","3.6446","3051.9801","21238.3409","375.7137","573.5947","2733.8737","757.9119","4536.1575","2187.2141"
"SEN","06/07/2019","21","2879.3146","323.9019","3.645","3056.2403","21411.769","385.808","574.0003","4715.0453","757.9866","4864.2988","2212.6824"
"SEN","06/07/2019","22","3033.4416","11.4127","3.6456","3064.4334","21632.9874","388.794","575.1417","5255.4363","758.4571","5022.7787","2239.7664"
"SEN","06/07/2019","23","3357.8116","0","3.6476","3058.672","21592.3166","389.4356","576.2253","4396.0251","758.5865","5077.7985","2224.0701"
"SEN","06/07/2019","24","3355.3243","0","3.6487","3034.656","21467.1788","388.9619","574.1425","3246.8892","759.5588","5018.8661","2213.0418"
"SEN","07/07/2019","1","3265.5241","0","3.6508","3049.3382","21442.0691","375.5297","576.2882","2004.976","761.4292","4893.782","2156.957"
"SEN","07/07/2019","2","3114.329","0","3.6531","3053.7082","21151.9341","374.5043","578.7262","1582.3775","763.8829","4449.3543","2060.5219"
"SEN","07/07/2019","3","3052.9745","0","3.6544","3051.008","20705.5964","373.5468","580.0336","1290.6102","764.0992","4237.7507","1980.2108"
"SEN","07/07/2019","4","3112.8369","0","3.6559","2768.7337","20650.8697","374.0608","582.4286","919.8798","765.1186","3827.0912","1978.1511"
"SEN","07/07/2019","5","3078.8485","0","3.6578","2400.8046","20669.608","373.2974","583.2749","808.8302","762.8116","3836.3712","1939.1947"
"SEN","07/07/2019","6","2810.5708","0.0938","3.6578","2292.2492","20586.5363","370.6124","585.3719","925.3685","761.8293","3741.6999","1933.2997"
"SEN","07/07/2019","7","2604.4914","4.261","3.6581","2097.0073","20455.0275","368.7732","585.5094","1003.3891","762.3475","3644.7799","1890.5646"
"SEN","07/07/2019","8","2626.2735","181.6114","3.6587","2094.517","19775.5362","370.2249","583.2742","715.836","763.0058","3455.3736","1849.117"
"SEN","07/07/2019","9","2568.7777","1323.875","3.6547","2120.5625","19472.2456","382.7059","582.0589","642.8602","764.0905","3326.6737","1844.8731"
"SEN","07/07/2019","10","2598.3091","2545.5868","3.646","2127.5293","19233.6797","384.0705","578.0329","492.0768","764.9062","3304.9295","1835.022"
"SEN","07/07/2019","11","2619.0513","2924.2923","3.642","2149.8646","19217.1274","383.1529","576.3064","1166.6549","765.0833","3347.4103","1805.8218"
"SEN","07/07/2019","12","2641.3966","3119.9563","3.6347","2093.3369","19287.1599","383.4081","576.0654","1238.979","765.1278","3394.964","1800.9268"
"SEN","07/07/2019","13","2752.4471","3215.264","3.6326","2111.5596","19450.5611","388.6918","575.4114","1180.6427","765.1236","3434.1547","1897.4578"
"SEN","07/07/2019","14","2782.9674","3105.8599","3.6304","2144.4409","19635.8583","389.9801","575.2951","1700.8356","764.2279","3454.9012","1927.5014"
"SEN","07/07/2019","15","2810.3615","3082.5686","3.6312","2159.8506","19572.9737","388.1526","577.8845","2058.3271","763.2397","3490.6252","1960.3498"
"SEN","07/07/2019","16","2854.2705","3065.0152","3.6339","2141.446","19590.296","386.3992","577.5838","2461.8505","761.0303","3545.793","1972.4033"
"SEN","07/07/2019","17","2872.5711","2962.5442","3.638","2142.2844","19944.9352","386.2191","579.2024","2545.4573","760.2604","3531.477","1954.7331"
"SEN","07/07/2019","18","3237.9594","2902.1185","3.577","2115.8171","20083.5595","385.2503","579.137","1989.7077","758.7993","3517.7561","1947.8594"
"SEN","07/07/2019","19","3278.5737","2432.3544","3.6342","2162.7047","20495.1728","383.1012","576.9571","1690.7657","756.6903","3540.1343","1969.9897"
"SEN","07/07/2019","20","2851.6958","1402.5218","3.6178","2161.3425","20838.3914","374.3251","578.2768","2949.2389","755.264","3723.8321","2002.5904"
"SEN","07/07/2019","21","3146.9652","301.8796","3.5202","2539.6929","21544.4425","381.0273","581.4173","3864.8456","755.0368","4130.2148","2180.1058"
"SEN","07/07/2019","22","3085.9394","8.9922","3.6445","3014.5542","22110.7946","377.7362","579.6626","4685.3298","753.8792","4517.8294","2221.3239"
"SEN","07/07/2019","23","3262.7919","0","3.6483","2972.435","21877.9776","379.5741","577.8912","4446.2973","754.3239","4609.0937","2194.1034"
"SEN","07/07/2019","24","3550.9162","0","3.6502","2940.8322","21679.75","378.8985","578.0937","3038.0543","754.8869","4493.6059","2163.5864"
"SEN","08/07/2019","1","3231.0602","0","3.6514","2912.5149","21622.2793","390.2709","581.2274","1408.797","756.7075","4238.4978","2154.3367"
"SEN","08/07/2019","2","3231.7613","0","3.6519","2697.4568","21664.6757","395.4285","584.0691","1119.7062","758.6437","3735.0411","2113.0852"
"SEN","08/07/2019","3","2971.1427","0","3.6531","2566.6209","21267.5503","396.2628","585.0047","777.2305","760.4833","3690.5996","2031.6499"
"SEN","08/07/2019","4","2622.6322","0","3.6539","2476.7827","21144.548","390.4335","585.3599","755.4951","762.3502","3669.0645","1919.714"
"SEN","08/07/2019","5","2281.2394","0","3.6548","2502.8052","21113.4887","382.9506","583.7648","810.9006","763.594","3684.0602","1911.6273"
"SEN","08/07/2019","6","2186.6482","0.0372","3.6558","2739.2166","21092.045","390.1501","584.246","873.9174","765.4057","3644.7954","1987.3454"
"SEN","08/07/2019","7","2030.6976","10.952","3.6567","3073.3827","21491.6728","393.2553","586.7485","1090.3522","767.2994","3937.0843","2059.0186"
"SEN","08/07/2019","8","1601.782","152.3389","3.6579","3073.0973","21744.5107","392.7328","585.9213","2127.1616","769.2846","4240.4632","2063.7003"
"SEN","08/07/2019","9","1414.779","1014.5574","3.5729","3035.9424","21754.8045","395.0557","582.681","2594.6241","770.4778","4599.9298","2065.6015"
"SEN","08/07/2019","10","1409.5173","2287.7592","3.6439","2775.5488","21897.9947","393.8463","577.4999","3227.9608","771.3262","4768.1855","2051.6775"
"SEN","08/07/2019","11","1765.0661","2851.5262","3.6386","2752.4172","21730.0596","392.6097","576.1875","3414.3218","772.0425","4879.4906","2074.5314"
"SEN","08/07/2019","12","1676.4323","3057.3294","3.6357","2723.0533","21771.5712","391.7751","575.8942","4382.3535","771.9481","4877.7451","2104.318"
"SEN","08/07/2019","13","1785.5247","2961.069","3.6316","2653.5616","21943.28","387.7181","574.1183","4945.7826","771.4232","4993.797","2096.6703"
"SEN","08/07/2019","14","1842.7906","2976.0904","3.6303","2681.9123","22038.8311","379.6489","577.5191","5161.3891","771.0147","5312.5112","2128.2323"
"SEN","08/07/2019","15","1942.1667","3123.1961","3.5062","2735.3488","22034.2057","386.3405","578.6473","5409.2949","771.4318","5350.7598","2127.712"
"SEN","08/07/2019","16","2068.1267","2959.8299","3.4344","2751.2329","22289.5608","386.0799","579.5167","6155.6099","768.3226","5216.2345","2147.0846"
"SEN","08/07/2019","17","2264.4718","2933.3294","3.025","2858.6779","22290.7659","383.3714","570.846","5881.9843","767.9762","5252.2486","2165.3815"
"SEN","08/07/2019","18","2323.8372","2507.1274","3.0257","3001.4991","22565.2758","387.1998","550.2417","5676.7542","766.3562","5266.1395","2113.5671"
"SEN","08/07/2019","19","2132.6341","2083.8509","3.0263","2991.1773","22801.2821","388.8895","551.3983","4860.9756","766.0133","5263.805","2082.3949"
"SEN","08/07/2019","20","1907.8005","1497.9201","3.0605","2998.76","22735.6012","390.1127","554.2026","4589.4978","766.0783","5320.9438","2084.3388"
"SEN","08/07/2019","21","1661.5212","330.6981","3.5056","2990.5531","22863.4107","392.3963","554.7453","6007.1003","766.2233","5363.8684","2127.2005"
"SEN","08/07/2019","22","1544.2506","9.5063","3.651","2981.8347","23246.4967","396.1772","555.7161","7006.4561","766.2105","5416.146","2212.8093"
"SEN","08/07/2019","23","1714.4457","0","3.6536","3007.3341","23046.5604","389.9725","563.589","6934.4942","767.3486","5363.414","2285.7707"
"SEN","08/07/2019","24","1690.2925","0","3.6549","2955.502","22771.6847","386.9309","574.3973","6428.6869","767.5988","5256.933","2251.5459"
"SEN","09/07/2019","1","1656.9338","0","3.656","2977.1254","22629.4242","383.8696","577.3523","4632.4563","768.9318","5243.7353","2242.9074"
"SEN","09/07/2019","2","1717.1835","0","3.6527","2987.7601","22032.1706","383.4149","579.9446","3659.2047","770.2494","5216.2677","2212.6535"
"SEN","09/07/2019","3","1663.2045","0","3.6565","2988.0088","21693.6261","383.666","579.6871","2930.3044","770.2707","5293.5038","2106.139"
"SEN","09/07/2019","4","1575.9497","0","3.6252","2995.0883","21571.9855","384.2709","580.5803","2271.162","771.1604","5329.0014","2090.3489"
"SEN","09/07/2019","5","1391.3528","0","3.5425","2983.9217","21476.4659","376.6053","581.2065","1937.0387","771.8928","5309.0167","2087.3418"
"SEN","09/07/2019","6","1502.1695","0.0262","3.5432","2941.2815","21566.1074","376.8905","579.7755","1576.8351","772.8089","5307.9966","2080.5128"
"SEN","09/07/2019","7","1704.549","13.0652","3.5424","2943.7998","21671.8036","380.863","578.0652","1931.6045","773.6513","5404.255","2077.5572"
"SEN","09/07/2019","8","1815.3599","187.4823","3.5437","2908.0446","21617.3612","382.7035","579.8115","2016.7535","774.5023","5354.3877","2072.0982"
"SEN","09/07/2019","9","1734.2289","1385.8128","3.5556","2932.499","21859.7621","379.8213","578.7527","2227.8625","775.0318","5270.2693","2114.7634"
"SEN","09/07/2019","10","1529.3869","2774.8378","3.6252","2909.862","21552.6386","357.6774","581.0009","3011.5914","774.5776","5203.4527","2170.4036"
"SEN","09/07/2019","11","1600.4348","3154.5385","3.6431","2883.9016","21563.7977","331.1355","583.7949","3578.7139","774.5118","5197.3235","2215.4253"
"SEN","09/07/2019","12","1497.4342","3241.6209","3.6375","2830.8351","21704.2989","337.508","582.7599","4274.5363","773.8975","5352.658","2245.1672"
"SEN","09/07/2019","13","1042.1284","3312.1224","3.5872","2775.6975","21936.4456","336.2966","582.6105","5374.0055","773.3983","5527.8834","2204.3612"
"SEN","09/07/2019","14","645.1756","3300.9947","3.6331","2643.8549","22030.3496","333.2136","586.3782","6541.6826","772.8131","5548.743","2209.5717"
"SEN","09/07/2019","15","608.5176","3230.397","3.6332","2570.796","22186.8633","337.6956","588.1229","7171.1242","771.3673","5490.2304","2225.8551"
"SEN","09/07/2019","16","925.0496","3148.3279","3.635","2584.7725","22042.4725","361.1611","590.5264","7748.947","770.5428","5489.2458","2244.8228"
"SEN","09/07/2019","17","1280.2136","3097.6441","3.6391","2647.8333","22183.4984","363.3124","594.2331","7585.7499","769.9248","5496.5008","2256.6836"
"SEN","09/07/2019","18","1638.303","2871.3793","3.5769","2676.4373","22374.1307","336.9764","581.2219","6987.2139","769.7386","5407.699","2254.3093"
"SEN","09/07/2019","19","1739.274","2437.6039","3.6447","2774.8562","22796.1875","339.9557","569.9573","5599.245","770.0604","5415.813","2236.8061"
"SEN","09/07/2019","20","1842.8417","1543.9665","3.6457","2839.5631","22527.7026","339.6848","569.0353","5627.1865","770.2385","5514.0015","2246.1915"
"SEN","09/07/2019","21","1802.1098","355.2295","3.646","2759.6734","22105.1101","346.9281","569.691","7347.924","770.6364","5530.0007","2265.8745"
"SEN","09/07/2019","22","1639.1144","10.4575","3.6476","2768.5328","22612.3007","348.3848","570.1005","8186.2514","771.4843","5678.857","2361.042"
"SEN","09/07/2019","23","1918.3639","0","3.6491","2677.3331","23054.2955","348.7461","572.211","7522.7377","771.5051","5587.8786","2411.8438"
"SEN","09/07/2019","24","2024.2834","0","3.6511","2621.845","22591.9634","347.6764","570.9798","6936.3508","771.6942","5460.7235","2410.7857"
"SEN","10/07/2019","1","2020.5259","0","3.6524","2695.2458","22046.3618","346.3114","572.9586","5577.7408","771.8798","5365.9748","2384.2597"
"SEN","10/07/2019","2","1859.523","0","3.6535","2833.9166","21672.6556","346.2579","572.7337","4250.0309","772.591","5335.2685","2373.3319"
"SEN","10/07/2019","3","1584.9861","0","3.6537","2876.6553","21539.938","345.2591","574.344","3293.2502","773.1737","5312.0804","2373.3996"
"SEN","10/07/2019","4","1545.3283","0","3.6539","2861.4496","21339.8298","345.4875","577.1826","2614.4514","773.4044","5504.4906","2391.3323"
"SEN","10/07/2019","5","1308.8949","0","3.6537","2876.7232","21746.1182","345.7782","578.0426","1844.75","773.8162","5692.8889","2387.6935"
"SEN","10/07/2019","6","1066.8744","0.0279","3.6548","2892.8388","22027.0997","346.2167","577.0656","1736.1848","773.3193","5832.4273","2302.1712"
"SEN","10/07/2019","7","988.1591","11.5807","3.6569","2919.1616","21916.7247","347.4104","577.2483","2164.4651","773.4461","6037.115","2245.6957"
"SEN","10/07/2019","8","983.6734","203.1265","3.6583","2988.691","21945.9687","345.7931","568.5886","2361.9587","773.2169","5953.0996","2263.9214"
"SEN","10/07/2019","9","834.4716","1522.5591","3.6527","3099.4087","21903.837","343.5328","566.6521","2600.1497","773.2325","5867.5996","2360.968"
"SEN","10/07/2019","10","695.0962","2387.0438","3.6455","3229.6047","21927.3558","345.2038","572.7316","3340.6155","772.9058","5685.473","2403.533"
"SEN","10/07/2019","11","530.4683","2760.6902","3.6408","3219.8574","21872.7872","343.5111","574.3119","4211.8763","772.4687","5763.9648","2408.0963"
"SEN","10/07/2019","12","507.0757","3032.9241","3.6362","3201.1708","22209.3032","339.4269","574.6425","4535.4936","772.1512","5919.1725","2396.4084"
"SEN","10/07/2019","13","434.1771","3095.4909","3.6332","3191.3821","22689.5187","342.5505","573.7477","5027.4833","771.6802","5954.578","2387.3925"
"SEN","10/07/2019","14","411.9604","3147.4612","3.633","3187.0504","23055.5352","336.2905","572.8833","5695.1019","771.2032","5910.3303","2430.1386"
"SEN","10/07/2019","15","552.7132","3054.9626","3.633","3175.6982","23191.8944","342.4086","583.3261","5908.9036","770.7565","5955.6014","2456.2452"
"SEN","10/07/2019","16","814.234","2906.0409","3.6365","3157.312","23507.3883","342.1882","580.9567","5950.9508","769.632","6122.9842","2456.2487"
"SEN","10/07/2019","17","909.4085","2599.9828","3.6394","3165.4716","23423.4874","345.7173","580.5098","6317.2966","769.1457","6160.993","2459.1956"
"SEN","10/07/2019","18","1254.5431","2046.2649","3.6418","3196.5948","23496.7388","349.6742","580.7776","6010.1547","768.506","6125.1296","2433.2018"
"SEN","10/07/2019","19","1571.4193","1546.341","3.6414","3224.4609","23337.8284","355.6386","572.0436","5398.4945","767.4149","6123.6971","2415.5232"
"SEN","10/07/2019","20","1705.6984","916.0303","3.6433","3226.2032","23162.4025","386.2235","564.3364","5110.2774","766.7826","6185.1772","2449.1197"
"SEN","10/07/2019","21","1615.1131","178.6192","3.6434","3226.6584","23213.0341","392.748","567.9575","5384.0272","767.0762","6252.3299","2516.4338"
"SEN","10/07/2019","22","1469.5715","6.7064","3.6424","3213.8402","23451.1644","395.6826","569.8286","6267.058","767.5558","6182.5483","2504.7522"
"SEN","10/07/2019","23","1501.1498","0","3.6455","3239.2941","23204.8694","397.9203","571.5581","6514.8496","767.7949","6161.6032","2447.3039"
"SEN","10/07/2019","24","1691.3428","0","3.6483","3214.4317","23004.1888","395.9348","573.9221","5533.5493","767.9507","6156.155","2448.5432"
"SEN","11/07/2019","1","1814.1495","0","3.6505","3190.4443","22266.7724","395.5638","573.6398","4099.6721","768.8516","6056.6985","2435.4356"
"SEN","11/07/2019","2","1861.2459","0","3.6509","3190.7738","21813.5459","394.9057","577.5164","3053.0179","770.4116","6119.443","2404.8011"
"SEN","11/07/2019","3","1892.3337","0","3.6521","3019.1656","21746.2846","394.7399","581.0857","2429.0275","771.4525","6068.8109","2173.2689"
"SEN","11/07/2019","4","1840.8051","0","3.6522","2949.52","21506.1387","395.7533","581.9317","1793.9898","772.4631","6154.9417","2141.2578"
"SEN","11/07/2019","5","1681.9098","0","3.6529","2946.8835","21508.8702","396.0064","582.7487","1441.5318","773.2331","6156.0186","2100.3777"
"SEN","11/07/2019","6","1637.0735","0.0044","3.6538","2957.3533","21603.1355","396.487","582.9343","1419.6061","775.1059","6090.3362","2084.6631"
"SEN","11/07/2019","7","1475.2153","10.8214","3.6558","2941.4387","21392.3656","394.8261","583.2526","1987.99","775.0531","6143.6835","2069.5728"
"SEN","11/07/2019","8","1207.2655","154.877","3.6571","3017.8309","21691.7052","396.9654","581.5454","2290.5357","774.856","6140.3954","2074.4452"
"SEN","11/07/2019","9","738.4809","1115.4571","3.6561","3270.9954","21947.037","396.6133","581.0195","2880.0172","774.5638","6128.1674","2138.9514"
"SEN","11/07/2019","10","626.932","2014.728","3.459","3290.0717","21880.918","393.9894","582.8517","3642.9537","787.5592","6129.9031","2202.4227"
"SEN","11/07/2019","11","460.2564","2364.9106","3.5478","3408.5663","22049.605","392.4251","583.9226","4195.6837","856.8666","6214.4715","2247.9034"
"SEN","11/07/2019","12","338.6822","2732.0495","3.6355","3408.7258","22006.2044","390.2412","579.9372","4809.934","883.4384","6233.6912","2337.0234"
"SEN","11/07/2019","13","393.0387","2813.1546","3.5754","3388.838","22100.1955","385.8281","591.7502","5374.3373","931.0691","6155.8926","2374.9922"
"SEN","11/07/2019","14","391.8312","2746.203","3.6314","3422.6252","22145.9161","383.8288","597.9809","6023.9548","991.1167","6102.4172","2383.5145"
"SEN","11/07/2019","15","472.5345","2738.8773","3.4377","3467.2202","22235.3057","384.2776","591.8777","6204.7705","1032.5473","6003.1066","2412.766"
"SEN","11/07/2019","16","651.6119","2648.7015","3.4874","3522.0936","22490.9645","388.0165","595.4658","6264.1847","1093.4831","6099.7519","2418.0707"
"SEN","11/07/2019","17","742.4008","2402.7617","3.3899","3458.1172","22596.4652","386.3664","597.6732","6309.7575","1147.2807","6066.1483","2420.9866"
"SEN","11/07/2019","18","589.739","2135.5278","3.5094","3472.2819","22683.3463","389.3422","581.3699","5755.2764","1221.5068","6049.7491","2404.9098"
"SEN","11/07/2019","19","1046.1494","1518.7063","3.0264","3277.3277","22726.9678","392.1821","566.2206","4837.637","1230.8752","5977.53","2429.4463"
"SEN","11/07/2019","20","1059.7273","920.2874","3.0488","3148.445","22863.1657","391.4675","569.0665","4393.2674","1250.3608","6022.3034","2470.8386"
"SEN","11/07/2019","21","880.1952","255.9707","3.035","3143.9614","22722.0595","392.3711","576.6555","5430.9395","1315.2018","6065.7007","2503.3584"
"SEN","11/07/2019","22","888.0979","7.349","3.0356","3151.1046","22563.5356","394.7886","592.5092","6710.8449","1353.4592","6095.5212","2531.8978"
"SEN","11/07/2019","23","727.7512","0","3.0252","3125.7364","22430.709","392.7856","594.3152","7102.9195","1390.0808","6041.1994","2507.4891"
"SEN","11/07/2019","24","773.6948","0.0001","3.026","3117.2341","22422.5689","377.1633","594.3348","6234.4538","1395.1926","5973.3855","2414.9677"
"SEN","12/07/2019","1","707.8782","0.0002","3.0269","3115.6374","21572.2418","369.542","598.2913","5243.333","1417.2989","5965.6042","2305.146"
"SEN","12/07/2019","2","614.8107","0.0002","3.0272","3112.5054","20902.2801","374.0265","596.885","4628.8485","1440.0396","5888.0881","2293.8789"
"SEN","12/07/2019","3","417.6903","0.0002","3.0274","3112.056","20950.2513","372.1723","598.081","3765.532","1457.5084","5815.4661","2248.7236"
"SEN","12/07/2019","4","397.4568","0.0002","3.036","3117.2828","20791.981","352.4061","598.8747","3148.2723","1476.5142","5810.3498","2122.9527"
"SEN","12/07/2019","5","365.0196","0.0002","3.0274","3125.8535","20850.8566","350.8998","599.1459","2605.7486","1471.7301","5854.9895","2119.4073"
"SEN","12/07/2019","6","307.965","0.0068","3.0274","3139.4626","20858.2732","353.5281","599.3436","2622.09","1460.6923","5818.0958","2089.1789"
"SEN","12/07/2019","7","343.6503","9.8086","3.0276","3130.9988","20662.9388","355.5791","599.329","3116.9947","1449.1562","5877.0879","2077.7166"
"SEN","12/07/2019","8","434.1711","77.3872","3.0287","3125.8913","20825.4072","352.9773","597.6709","3232.2672","1438.8003","5873.3085","2069.4989"
"SEN","12/07/2019","9","249.7577","825.0553","3.0277","3220.3249","21548.5773","353.835","595.2662","3439.9251","1427.6469","5913.8046","2112.1126"
"SEN","12/07/2019","10","91.2705","2074.1529","2.9384","3421.5174","21710.3203","352.0492","598.9879","3614.7073","1419.0145","5898.8371","2222.0634"
"SEN","12/07/2019","11","116.4063","2534.8503","3.0268","3486.0741","21911.0889","350.5604","615.7415","3869.4699","1410.0011","6008.7502","2297.3584"
"SEN","12/07/2019","12","184.6146","2800.9381","3.0262","3630.1395","21989.1211","349.8658","603.8343","4051.8548","1400.9204","6112.3979","2338.6498"
"SEN","12/07/2019","13","322.924","2879.4557","3.0256","3645.1521","22162.581","351.7239","612.9548","4234.2865","1392.2445","6116.7575","2405.2994"
"SEN","12/07/2019","14","366.1833","2776.7381","3.0252","3579.1354","22285.5768","353.1892","612.3274","4777.0041","1383.7775","6128.98","2453.9821"
"SEN","12/07/2019","15","491.7163","2673.6","3.0261","3463.0504","22527.0801","371.5202","597.0523","4981.4454","1374.9856","6233.4433","2440.4876"
"SEN","12/07/2019","16","521.3033","2690.4941","3.0353","3572.9285","22527.2289","378.4935","604.0771","5215.822","1368.05","6297.9943","2385.1222"
"SEN","12/07/2019","17","427.2341","2228.0886","3.0259","3652.4106","22400.0127","389.1395","596.1131","6154.6673","1361.9193","6287.3045","2337.6709"
"SEN","12/07/2019","18","566.9583","2041.4685","3.026","3676.3103","22333.269","390.0794","600.7949","5672.0732","1356.5569","6288.5907","2340.3265"
"SEN","12/07/2019","19","711.4963","1601.3569","3.0264","3693.4709","22346.2113","390.3539","590.0458","4748.9974","1352.2452","6245.5185","2352.4371"
"SEN","12/07/2019","20","803.9412","985.4728","3.0269","3602.4645","22554.6474","390.477","592.5203","4159.0298","1349.2289","6238.4887","2337.066"
"SEN","12/07/2019","21","785.3249","273.5018","3.0269","3508.1079","22296.3326","391.593","605.3064","5119.2223","1346.1347","6325.9862","2421.6089"
"SEN","12/07/2019","22","793.4989","8.1691","3.0259","3443.206","22130.6194","393.2057","596.837","6197.1512","1344.8141","6399.8126","2400.7461"
"SEN","12/07/2019","23","438.2316","0","3.0263","3442.6119","22135.9532","396.1415","597.4583","6469.9555","1344.089","6335.9982","2406.0079"
"SEN","12/07/2019","24","516.0357","0.0003","3.0276","3430.1499","22110.9588","397.6131","596.8522","5985.3696","1343.1787","6055.8148","2356.8801"
"SEN","13/07/2019","1","547.6844","0.0003","3.0275","3435.7159","21760.6103","395.8395","598.836","4934.2255","1325.3022","5798.7087","2289.486"
"SEN","13/07/2019","2","516.7424","0.0003","3.0274","3407.3995","21856.611","391.9575","592.1647","4162.1602","1211.8916","5341.5159","2246.4822"
"SEN","13/07/2019","3","496.4391","0.0003","2.8536","3355.3357","21622.4129","391.8073","567.4513","3577.2737","1223.891","5040.7757","2246.3398"
"SEN","13/07/2019","4","444.7102","0.0003","3.028","3356.5212","21312.9311","391.7801","548.8743","3144.4522","1268.8434","5064.7496","2181.9614"
"SEN","13/07/2019","5","366.4727","0.0002","3.0278","3390.9843","21283.2082","392.146","546.1647","2794.9501","1290.011","5155.7411","2129.7596"
"SEN","13/07/2019","6","365.3239","0.0015","3.0278","3394.9274","21538.8898","392.3451","547.3165","2235.9721","1345.8538","4977.8442","2097.8356"
"SEN","13/07/2019","7","376.7263","8.9775","3.0276","3259.1418","21364.0213","384.8258","546.8644","2423.6013","1366.4109","4988.2616","2154.4444"
"SEN","13/07/2019","8","386.6997","113.8745","3.0277","2950.7123","21525.1216","385.5978","544.3321","2516.3695","1377.7886","5020.336","2152.0891"
"SEN","13/07/2019","9","291.633","1012.3566","2.933","2866.2191","21785.1298","384.2619","542.2904","2603.2853","1396.9366","4974.2558","2140.1105"
"SEN","13/07/2019","10","213.9063","1920.5589","3.0279","3119.8085","21897.7499","382.3498","539.201","2735.2394","1417.3568","4972.4796","2186.8936"
"SEN","13/07/2019","11","138.8474","2327.4991","3.0276","3189.6642","21864.3238","380.7268","538.6682","3238.6696","1431.9705","5046.3633","2307.7073"
"SEN","13/07/2019","12","93.1996","2578.4633","3.0346","3172.4692","21569.7734","380.4919","538.3618","3955.0149","1447.9874","5145.6693","2337.0282"
"SEN","13/07/2019","13","94.9987","2626.0521","3.027","3158.3699","21589.2088","380.2047","536.8815","4399.5046","1462.058","5169.647","2311.4224"
"SEN","13/07/2019","14","127.1589","2614.6049","3.0271","3155.1532","21524.508","376.4511","535.5305","4622.7637","1478.4132","5188.1478","2312.1286"
"SEN","13/07/2019","15","284.1198","2517.5306","3.0272","3153.9458","21327.2752","362.1965","537.3985","4655.2953","1491.8087","5151.7721","2340.8783"
"SEN","13/07/2019","16","329.9633","2423.1334","3.0276","3147.703","21455.7457","377.5245","533.1532","4497.099","1506.2772","5152.8715","2338.0999"
"SEN","13/07/2019","17","446.0397","2084.8362","3.2885","3136.7412","21528.9906","383.2534","535.7138","4625.5109","1518.0359","5100.56","2350.017"
"SEN","13/07/2019","18","516.8815","1815.3741","3.2155","3110.5668","21596.0484","388.7346","543.9336","4586.4961","1526.5374","5090.6207","2355.1941"
"SEN","13/07/2019","19","581.9739","1659.9547","2.7297","3108.0046","21482.3463","393.2587","557.511","4450.7135","1525.7702","5029.6036","2366.3583"
"SEN","13/07/2019","20","670.8542","961.862","3.2504","3172.5637","21807.2501","394.7276","560.0159","4245.9356","1524.2515","5174.9029","2312.1383"
"SEN","13/07/2019","21","867.0148","226.0205","3.5382","3219.2476","22212.1551","394.4217","558.0103","5504.0756","1523.6408","5343.2522","2285.1872"
"SEN","13/07/2019","22","1206.7022","7.5177","3.6484","3092.5823","22434.6495","395.943","544.154","6160.8281","1522.1136","5246.3094","2314.8598"
"SEN","13/07/2019","23","1050.5166","0","3.6512","3014.8677","22373.0711","398.2512","542.7686","6143.2373","1519.3119","4927.4006","2313.7805"
"SEN","13/07/2019","24","982.1734","0","3.6527","2680.3679","22052.32","383.8986","542.4667","6147.1412","1518.0802","4454.5691","2276.8047"
"SEN","14/07/2019","1","962.8847","0","3.6548","2520.2146","21446.7761","370.5641","541.6542","5453.8943","1519.3343","4245.3695","2188.9552"
"SEN","14/07/2019","2","828.335","0","3.6553","2406.3155","21264.7665","369.0458","541.1465","4839.817","1521.5096","4185.5723","2124.3937"
"SEN","14/07/2019","3","752.64","0","3.6569","2415.4778","21128.3694","370.3503","540.3789","3909.1859","1521.9443","4245.0931","2120.6144"
"SEN","14/07/2019","4","698.7149","0","3.6571","2441.2256","20858.0659","372.3786","542.3983","3132.4019","1523.0184","4276.1722","2101.6023"
"SEN","14/07/2019","5","632.8191","0","3.6579","2425.4197","20835.1872","373.3763","543.9612","2664.4342","1521.8312","4333.6694","2032.4598"
"SEN","14/07/2019","6","612.0895","0.0005","3.659","2403.0136","20769.0946","386.6514","544.0344","2349.0374","1522.4362","4264.7607","1983.9233"
"SEN","14/07/2019","7","599.0608","7.9192","3.6594","2378.6448","20551.5995","398.1322","541.9382","2287.1575","1521.7999","4136.0051","1960.7876"
"SEN","14/07/2019","8","526.0618","128.1774","3.661","2351.7696","20368.6895","399.8199","540.4603","1954.3722","1521.1917","3972.327","1950.5496"
"SEN","14/07/2019","9","373.8433","899.1415","3.6588","2364.975","19987.4154","398.6007","538.7488","1972.0411","1520.5435","3935.2858","1951.0055"
"SEN","14/07/2019","10","360.1764","1707.9891","3.1753","2412.8833","20028.8589","398.3558","538.73","1869.5729","1514.309","3908.093","1939.0435"
"SEN","14/07/2019","11","316.8403","2387.8671","3.027","2436.1078","20207.0209","389.2878","538.1314","1964.9915","1511.521","3880.2924","1953.5461"
"SEN","14/07/2019","12","274.3156","2594.0347","3.0268","2420.6666","20081.3679","376.9008","538.4568","2341.0794","1531.0086","4056.7891","1964.419"
"SEN","14/07/2019","13","232.3633","2752.3992","3.0268","2415.0839","20002.3235","381.1651","539.4506","2685.6947","1531.2809","4141.6356","1974.9453"
"SEN","14/07/2019","14","271.2483","2858.9989","3.0271","2407.759","19668.532","382.289","541.4733","3016.2586","1529.2831","4183.7772","2040.2504"
"SEN","14/07/2019","15","387.2266","2910.5618","3.0265","2403.578","19761.6288","380.2514","541.5632","3252.0333","1527.1476","4097.5027","2082.7292"
"SEN","14/07/2019","16","829.0054","2791.4477","3.0272","2397.956","19791.3689","378.8606","541.5202","3208.7321","1524.3649","4078.5527","2071.2611"
"SEN","14/07/2019","17","1031.9062","2687.7369","3.4986","2408.7956","19768.06","379.4405","542.8421","3255.666","1519.7113","4244.3679","2059.0122"
"SEN","14/07/2019","18","685.6896","2526.8672","3.6489","2413.1122","19898.1032","379.4894","541.5906","3602.6676","1514.6789","4487.916","2044.5745"
"SEN","14/07/2019","19","898.2604","2107.0148","3.649","2338.4591","20361.9892","375.5257","539.8407","3274.7434","1507.588","4519.1008","2079.6621"
"SEN","14/07/2019","20","1109.5436","1313.5455","3.649","2609.3166","21182.7173","380.3292","541.9726","2905.2375","1506.1437","4611.5625","2151.4046"
"SEN","14/07/2019","21","1228.5729","285.0269","3.648","2748.8077","21780.4192","383.6231","544.1108","4597.6074","1507.5584","4650.2277","2233.5515"
"SEN","14/07/2019","22","1262.2373","8.3381","3.6474","3069.4776","22231.1902","387.9613","544.5032","5250.5726","1510.8103","4913.4782","2269.9696"
"SEN","14/07/2019","23","1268.9514","0","3.6514","3145.4729","22480.0618","390.5339","546.0322","4955.7187","1513.9338","4928.8491","2256.527"
"SEN","14/07/2019","24","1258.7712","0","3.6534","3157.4013","22299.8757","392.5016","546.3143","3993.7197","1516.3086","4888.523","2253.2994"
"SEN","15/07/2019","1","1141.2416","0","3.6549","3143.5885","22300.6919","392.3178","549.1329","2614.8766","1449.8657","4690.6529","2173.4406"
"SEN","15/07/2019","2","1027.4775","0","3.6554","3005.27","22132.377","393.437","548.3173","2248.1382","1408.4279","4175.4581","2137.751"
"SEN","15/07/2019","3","947.6301","0","3.6553","2737.9656","21888.3263","392.6277","549.4785","1927.1543","1467.277","4191.5162","2094.033"
"SEN","15/07/2019","4","1003.0914","0","3.6559","2717.8785","21618.636","393.526","548.8486","1505.0624","1494.3863","4158.6821","2070.9999"
"SEN","15/07/2019","5","983.9714","0","3.6563","2909.0632","21612.28","392.455","546.2281","1200.9202","1508.9513","4189.8251","1951.285"
"SEN","15/07/2019","6","993.8999","0.0049","3.6568","3097.5438","21671.2398","393.4884","546.4714","1089.9972","1526.2692","4286.8492","1951.5355"
"SEN","15/07/2019","7","904.9455","10.4492","3.6592","3073.9214","21559.6582","395.8467","546.9798","1437.9268","1530.7696","5044.6552","1962.5013"
"SEN","15/07/2019","8","884.0929","125.1271","3.6611","3095.0221","21781.4675","393.2495","547.3118","1947.409","1532.4142","5291.3584","1976.8098"
"SEN","15/07/2019","9","803.2924","1043.0206","3.6583","3118.2702","21745.7308","389.1463","545.9794","2733.3704","1534.1305","5328.6097","2002.3198"
"SEN","15/07/2019","10","979.7222","2214.3447","3.4458","3285.3237","21663.3292","388.6017","553.4814","2805.4318","1536.0624","5488.7127","2198.6055"
"SEN","15/07/2019","11","1077.8877","2714.806","3.028","3332.7127","21631.7307","387.7177","572.3488","3162.6751","1539.5099","5732.8743","2246.0175"
"SEN","15/07/2019","12","1239.5715","2925.1819","3.0221","3333.2028","21697.8237","387.9603","565.6601","3659.4855","1543.6842","5772.6061","2336.8671"
"SEN","15/07/2019","13","1129.9438","2740.4785","2.9782","3405.8385","21862.4891","387.7168","560.8205","4508.2778","1551.3314","5831.5816","2369.1318"
"SEN","15/07/2019","14","1093.9799","2874.9954","2.9883","3429.4449","21761.885","385.456","561.5878","4643.3047","1550.8417","6054.121","2437.8411"
"SEN","15/07/2019","15","1000.8484","2907.4171","2.9639","3394.1697","21797.6628","385.3946","564.741","4925.5212","1548.4338","6175.2734","2466.1372"
"SEN","15/07/2019","16","1067.856","2752.7568","2.7681","3472.9912","22020.1215","384.0655","567.1566","5322.8767","1546.6403","6201.2395","2478.4239"
"SEN","15/07/2019","17","1178.9157","2437.8189","3.027","3502.9874","22059.2397","381.8712","569.6075","5649.9709","1541.7033","6188.8794","2486.6289"
"SEN","15/07/2019","18","1271.7202","2179.8925","3.027","3507.5916","22099.8163","379.7906","564.4626","5231.4936","1537.1642","6212.0715","2476.5676"
"SEN","15/07/2019","19","1358.998","1985.3358","2.962","3523.5682","22197.4975","378.7531","566.7734","4073.1493","1533.0388","6203.5094","2499.1613"
"SEN","15/07/2019","20","1553.8552","1237.9696","3.578","3540.6884","22178.2805","379.2061","568.2597","3764.6039","1528.78","6255.5293","2477.1684"
"SEN","15/07/2019","21","1417.835","274.7266","3.6532","3448.1426","22369.3956","381.075","562.5923","4926.7026","1529.5636","6518.1059","2496.0672"
"SEN","15/07/2019","22","1460.1019","5.0394","3.6522","3157.3866","22375.365","384.5421","553.4483","6376.1456","1532.618","6558.4567","2499.3573"
"SEN","15/07/2019","23","1977.9174","0","3.6537","3141.1608","22508.5141","386.3031","551.3962","5840.0215","1535.646","6444.8079","2440.8665"
"SEN","15/07/2019","24","2434.094","0","3.6565","3148.0187","22629.371","386.0505","581.0474","4385.0608","1536.7778","6290.1584","2418.147"
"SEN","16/07/2019","1","2507.5796","0","3.7057","3156.7426","22508.9368","387.0132","602.3081","3069.552","1538.3254","5684.5466","2391.0555"
"SEN","16/07/2019","2","2371.9266","0","3.706","3142.4686","22350.3145","386.1847","603.7828","2657.141","1539.7588","4965.0036","2320.0584"
"SEN","16/07/2019","3","2173.8802","0","3.7073","3156.1808","22311.3849","388.2962","605.3981","2025.9298","1541.3409","4804.8032","2168.8853"
"SEN","16/07/2019","4","1995.4211","0","3.705","3115.9394","22314.4012","388.6795","607.1668","1425.067","1543.7655","4803.2739","2176.4025"
"SEN","16/07/2019","5","1749.7071","0","3.7056","3132.5256","22306.8207","388.4216","607.8225","1160.8835","1545.3802","4895.3404","2109.2413"
"SEN","16/07/2019","6","1790.8407","0.0043","3.7065","3175.5398","22138.424","389.4106","608.0902","988.1363","1546.9218","4929.7521","2069.0219"
"SEN","16/07/2019","7","1657.2619","10.4421","3.7066","3205.6599","22025.1871","391.186","608.3179","972.3367","1547.8689","5469.4946","2068.14"
"SEN","16/07/2019","8","1356.0636","125.0881","3.7078","3246.4958","22216.2396","390.598","607.2266","1266.4393","1546.9474","5906.537","2062.727"
"SEN","16/07/2019","9","1450.3547","997.986","3.631","3292.5392","22088.0948","386.2504","610.4004","1569.3159","1546.8715","5932.1279","2096.384"
"SEN","16/07/2019","10","1719.8907","1950.1204","3.2674","3513.9415","21987.5396","364.5823","610.6666","1616.6897","1547.8221","6054.1145","2154.282"
"SEN","16/07/2019","11","1997.5129","2344.6558","3.3578","3540.8284","22106.78","363.8607","603.2988","1635.6359","1547.5676","6113.044","2248.3701"
"SEN","16/07/2019","12","2321.5806","2493.1337","3.4389","3536.2018","22169.6099","362.4323","601.3864","1923.2507","1546.4688","6102.1312","2262.6262"
"SEN","16/07/2019","13","2355.5213","2685.2072","3.351","3533.1806","22185.3385","360.1634","615.398","2466.3817","1545.5191","6155.519","2275.5873"
"SEN","16/07/2019","14","2450.9155","2729.9268","3.588","3511.5963","21976.3605","359.2005","616.6829","2709.4127","1544.2164","6343.6227","2313.079"
"SEN","16/07/2019","15","2500.2837","2620.3567","3.6306","3511.3173","22036.7525","363.693","616.1804","2962.292","1542.4871","6354.0249","2327.6188"
"SEN","16/07/2019","16","2345.7708","2624.1364","3.642","3481.8687","21964.4154","379.094","609.5665","3559.8225","1541.1743","6355.3211","2335.7319"
"SEN","16/07/2019","17","2132.8014","2347.5581","3.9109","3452.1426","22082.1388","381.8936","602.434","4354.0308","1539.6698","6339.7615","2350.0478"
"SEN","16/07/2019","18","2065.4365","1818.7475","3.7676","3241.1477","22329.2541","382.0866","600.7477","4578.7573","1538.2869","6320.6838","2337.836"
"SEN","16/07/2019","19","1795.5147","1467.5464","3.797","2920.8745","22280.8955","384.0743","591.7962","4493.4152","1535.7569","6288.4306","2332.2832"
"SEN","16/07/2019","20","2146.0697","1075.8924","3.7701","2934.8628","22329.2556","386.4358","592.4969","3661.5639","1534.1092","6269.5933","2315.7102"
"SEN","16/07/2019","21","2461.03","242.485","3.7723","2954.407","22581.0095","387.1529","593.4897","4218.8527","1531.4861","6329.8211","2343.498"
"SEN","16/07/2019","22","2580.6083","6.72","3.7909","2930.6343","22613.546","391.5489","592.9292","5454.6889","1462.9579","6320.7383","2351.558"
"SEN","16/07/2019","23","2619.8708","0","3.8104","2933.5178","22792.9878","393.2915","595.0949","5365.0741","1367.2957","6254.516","2317.1383"
"SEN","16/07/2019","24","2611.6105","0","3.8233","2899.7173","22816.8339","394.1502","594.9956","4638.3097","1387.0151","5918.2317","2306.2109"
"SEN","17/07/2019","1","2762.7733","0","3.7889","2627.4571","22756.9079","391.2662","596.0219","3805.6718","1408.1765","5021.2956","2230.9104"
"SEN","17/07/2019","2","2869.0334","0","3.822","2572.051","22723.2248","392.2001","596.5075","2495.9739","1427.6356","4864.3389","2167.768"
"SEN","17/07/2019","3","2824.3203","0","3.8397","2504.8302","22315.296","391.9785","598.351","1719.8226","1444.5116","4824.4051","2123.4747"
"SEN","17/07/2019","4","2663.5605","0","3.8524","2407.2096","22114.5693","391.7029","598.8445","1390.809","1461.9984","4843.7104","2097.9547"
"SEN","17/07/2019","5","2492.0095","0","3.8837","2596.4863","21671.8629","390.3519","598.6817","1331.6544","1480.4477","4809.062","2050.2901"
"SEN","17/07/2019","6","2331.0887","0.0006","3.8787","2678.0894","21482.0934","390.6469","598.7954","1527.1743","1500.6889","4759.918","2048.4357"
"SEN","17/07/2019","7","2577.7242","10.1038","3.8709","2796.813","21585.3272","393.8613","595.4196","1371.6779","1515.8921","4774.541","2034.198"
"SEN","17/07/2019","8","2614.9925","124.1861","3.8567","2894.6312","21715.8913","393.6102","591.4498","1653.6949","1528.2527","4878.1294","2021.2916"
"SEN","17/07/2019","9","2500.3567","827.151","3.8653","2932.7949","22167.5983","392.2269","587.6191","2206.5677","1537.3346","4893.3811","2021.3495"
"SEN","17/07/2019","10","2747.7624","1652.2025","3.8463","2974.4754","22185.6227","390.8691","584.1113","2280.1841","1548.4266","5108.3645","2044.2966"
"SEN","17/07/2019","11","3092.1467","2117.577","3.934","2955.0559","22014.9723","390.6785","583.3463","2320.6827","1553.6824","5408.5366","2055.279"
"SEN","17/07/2019","12","3429.6339","2184.3151","3.9009","2964.3632","22103.8726","389.4438","546.7264","2537.5089","1554.503","5456.3611","2168.3404"
"SEN","17/07/2019","13","3554.4529","2409.6908","3.9328","3047.8632","21961.7654","392.4598","459.3418","2708.3555","1553.6326","5465.5297","2244.5848"
"SEN","17/07/2019","14","3599.1462","2680.8382","3.8237","3120.1986","21941.7791","391.4444","461.3167","2613.8116","1551.306","5504.0551","2256.2369"
"SEN","17/07/2019","15","3629.079","2626.9892","3.8781","3141.3679","21911.4557","388.59","499.7746","3064.3344","1549.3509","5505.504","2165.3401"
"SEN","17/07/2019","16","3822.1448","2541.4996","3.9201","3123.8315","21896.5215","388.4576","513.1103","3399.7511","1546.5669","5477.7028","2172.2115"
"SEN","17/07/2019","17","3899.8606","2397.9826","3.8575","3114.4411","21977.5149","385.4129","535.8383","3731.3195","1544.6274","5435.0801","2201.3556"
"SEN","17/07/2019","18","3891.4719","2134.2886","3.8689","3046.8594","22094.7791","384.0031","556.4554","3684.7897","1543.189","5270.0163","2202.6043"
"SEN","17/07/2019","19","3795.1236","1584.8516","3.8746","2914.9466","22100.8586","387.2795","555.8931","3723.8361","1544.1589","4941.7434","2268.3176"
"SEN","17/07/2019","20","3850.278","1032.9148","3.8616","2738.9862","22075.7282","389.5026","542.3538","3513.2615","1544.5262","4975.3402","2308.1731"
"SEN","17/07/2019","21","3677.4808","198.6473","3.8408","2729.5378","22381.893","393.0139","544.3382","4462.7731","1545.3543","4976.7068","2335.0167"
"SEN","17/07/2019","22","3490.4656","5.7552","3.8897","2733.6486","22648.9103","393.8635","544.7092","5446.7779","1547.2682","5024.5098","2354.1062"
"SEN","17/07/2019","23","3800.7595","0","3.8968","2722.3257","22355.3626","393.234","545.8889","5586.0984","1549.3547","4931.0405","2367.6992"
"SEN","17/07/2019","24","3659.163","0","3.9511","2694.0337","22268.9307","393.9623","550.6611","5196.0612","1550.9591","4623.2731","2299.3402"
"SEN","18/07/2019","1","3721.8989","0","3.811","2681.7896","21832.4872","392.2937","556.1342","4137.7721","1552.0611","4059.5078","2141.8451"
"SEN","18/07/2019","2","3754.9587","0","3.8538","2699.3995","21499.7027","392.7002","555.9972","3231.5544","1550.1069","3900.0845","2044.5586"
"SEN","18/07/2019","3","3813.6525","0","3.8404","2656.4262","21073.7463","390.455","561.2456","2752.581","1546.9278","3780.6572","1990.2431"
"SEN","18/07/2019","4","3603.0467","0","3.8421","2647.7188","20800.8993","389.5288","561.8281","2434.6357","1543.8755","3716.8337","1919.032"
"SEN","18/07/2019","5","3465.3313","0","3.841","2648.8037","20860.3257","391.5152","562.2488","2161.896","1542.0591","3697.4481","1903.4072"
"SEN","18/07/2019","6","3528.8972","0.0024","3.8857","2657.4577","20852.6934","393.4591","565.5091","1894.1477","1540.6396","3627.0609","1935.8269"
"SEN","18/07/2019","7","3429.0503","9.5624","3.869","2785.4081","20920.2489","397.0915","567.591","2280.9112","1541.1161","3707.5175","1933.9801"
"SEN","18/07/2019","8","3305.8982","106.2999","3.8327","2969.2725","21231.4917","394.423","563.9645","2160.1809","1541.9989","3890.2702","1926.2572"
"SEN","18/07/2019","9","3061.4627","901.4657","3.8057","3175.4372","21587.3543","385.7278","558.3215","2276.8607","1543.6134","4336.3055","1990.8423"
"SEN","18/07/2019","10","3080.753","1746.689","2.8324","3289.9431","21520.5182","384.4319","567.2575","2479.3597","1545.3008","4638.7081","2017.5779"
"SEN","18/07/2019","11","3386.9931","2250.433","2.4246","3294.6562","21469.402","382.0846","573.4409","2744.9674","1547.1293","4632.7957","2048.5918"
"SEN","18/07/2019","12","3469.2213","2503.0209","2.4799","3298.6595","21306.0489","382.2919","573.5138","3292.5763","1549.6695","4737.2817","2046.2269"
"SEN","18/07/2019","13","3329.0296","2713.2962","2.4259","3308.0407","21376.5374","382.335","576.5495","3915.3366","1549.5785","4822.4859","2038.2072"
"SEN","18/07/2019","14","3379.2803","2584.3742","2.3835","3291.1544","21409.6504","380.9621","583.7644","4422.3228","1549.1564","4819.0135","2040.35"
"SEN","18/07/2019","15","3242.2818","2647.9017","2.3767","3287.9566","21381.1946","378.5781","585.5999","5073.0603","1547.9265","4799.8461","2049.4327"
"SEN","18/07/2019","16","3381.0054","2417.1488","2.3158","3286.0698","21361.3953","382.3751","584.6766","5584.1424","1544.8859","4831.6322","2060.2015"
"SEN","18/07/2019","17","3593.5391","2135.6934","2.4023","3278.3133","21353.0766","383.36","594.3132","5960.1782","1542.5163","4874.3282","2059.836"
"SEN","18/07/2019","18","3737.4519","2046.1429","2.4478","3262.4044","21268.4406","387.7734","613.1539","5338.3909","1540.3875","4921.0845","2074.2162"
"SEN","18/07/2019","19","3631.2921","1643.9921","2.4716","3173.8829","21409.5717","392.2644","615.3648","4832.4597","1539.6435","4946.3715","2103.9608"
"SEN","18/07/2019","20","3845.4324","902.6964","2.408","3013.4612","21319.9135","392.5601","609.1203","4697.3334","1538.3162","4934.6622","2082.8657"
"SEN","18/07/2019","21","3540.6932","142.6994","2.3991","3035.5694","21320.9635","393.9483","598.57","5888.2996","1536.4241","4977.8513","2056.2142"
"SEN","18/07/2019","22","2727.1561","6.3297","2.3932","3046.8265","21542.1615","396.4798","598.8943","7422.1649","1533.8594","4996.9392","2045.6378"
"SEN","18/07/2019","23","2588.9642","0","2.4239","3055.6912","21660.8956","396.6021","597.3915","7569.9789","1535.3823","4994.5711","2079.6292"
"SEN","18/07/2019","24","3240.9791","0","2.4678","3046.1714","21295.8274","397.8877","596.651","6322.9537","1538.761","4867.3126","2090.7498"
"SEN","19/07/2019","1","3268.0536","0","2.4658","3046.3132","21001.6275","394.499","598.794","5078.806","1542.9701","4639.7526","2055.0025"
"SEN","19/07/2019","2","2958.3387","0","2.4503","3039.5475","20840.4354","393.4695","600.6307","4231.4433","1548.0917","4518.9073","1919.7592"
"SEN","19/07/2019","3","2743.9158","0","2.4638","3063.2323","20657.4347","387.3974","602.6023","3443.5433","1551.3556","4491.2394","1856.1814"
"SEN","19/07/2019","4","2744.0236","0","2.5033","3096.4009","20576.4868","390.3302","603.4657","2654.1325","1553.2193","4490.2809","1821.8034"
"SEN","19/07/2019","5","2854.888","0","2.4494","3142.4107","20505.7695","393.1665","603.0911","2050.7023","1553.9499","4487.859","1808.0254"
"SEN","19/07/2019","6","2934.6179","0.0002","2.4267","3181.9808","20603.9418","394.1557","603.7732","1737.7723","1555.3356","4451.1532","1808.9498"
"SEN","19/07/2019","7","2669.4477","9.6018","2.4295","3175.7745","20548.4881","394.5009","601.7333","2164.8362","1555.5855","4516.8243","1837.5348"
"SEN","19/07/2019","8","2744.2653","107.3749","2.4074","3185.5297","20790.3565","392.4133","600.3516","2268.3972","1556.0667","4569.7213","1828.4559"
"SEN","19/07/2019","9","2524.4408","857.944","2.3422","3218.1198","21362.067","391.2563","600.9265","2430.8869","1556.2429","4564.4978","1831.0193"
"SEN","19/07/2019","10","2629.5528","1904.4984","2.3481","3168.5715","21600.2761","389.6901","600.0079","2532.6552","1556.5805","4600.3771","1898.6066"
"SEN","19/07/2019","11","2896.4257","2423.0706","2.29","3430.7659","21450.7682","379.6056","597.3429","2613.3178","1555.0801","4597.2577","1953.7277"
"SEN","19/07/2019","12","3167.1885","2664.3971","2.3766","3366.7687","21489.7295","375.675","596.7484","2991.6905","1553.6256","4649.4156","1975.425"
"SEN","19/07/2019","13","3193.7068","2725.2385","2.4556","3501.9571","21335.7303","382.7587","598.5018","3986.7136","1551.769","4570.4744","2018.1475"
"SEN","19/07/2019","14","3404.8091","2868.9101","2.4434","3718.5504","21313.8847","384.3379","598.0617","3939.8695","1549.838","4544.2841","1980.0071"
"SEN","19/07/2019","15","3381.5832","2860.4764","2.4132","3756.3289","21535.7729","386.3366","598.1998","4077.6698","1548.2791","4576.9804","1992.2948"
"SEN","19/07/2019","16","3233.416","2575.4446","2.3067","3758.1181","21645.0295","387.7886","597.0011","4712.9616","1546.8306","4677.2081","2019.2878"
"SEN","19/07/2019","17","3314.5693","2283.1032","2.4157","3761.0883","21499.8199","385.8725","598.3821","5024.9099","1544.2904","4682.6518","2043.2949"
"SEN","19/07/2019","18","3320.5331","2179.6471","2.4575","3532.4659","21604.9023","387.198","596.5674","4824.7706","1542.2388","4629.4488","2017.1206"
"SEN","19/07/2019","19","3133.0066","1845.3535","2.5077","3354.2374","21577.0513","387.4489","595.7288","4643.9812","1539.3486","4606.3001","1989.8827"
"SEN","19/07/2019","20","3079.4274","1106.4399","2.5482","2908.0668","21195.0215","386.5155","596.3597","5049.5654","1538.2573","4728.3474","2055.2096"
"SEN","19/07/2019","21","3045.3983","197.541","2.604","2914.312","21417.0242","388.2348","597.2333","5760.1407","1537.3008","4934.2986","2192.7926"
"SEN","19/07/2019","22","3320.7047","5.7407","3.1201","2913.5491","21303.5865","390.9358","596.8348","6070.4479","1538.817","5035.2763","2225.3812"
"SEN","19/07/2019","23","3541.1318","0","3.1381","3006.7001","21499.0672","391.7605","598.5711","5321.1002","1541.7857","5099.5375","2244.5155"
"SEN","19/07/2019","24","3669.5458","0","3.165","3145.7256","21346.7989","391.3381","595.5174","4575.4663","1543.8016","4975.5526","2273.1723"
"SEN","20/07/2019","1","3750.9489","0","3.2004","3210.7422","21050.3667","367.7919","595.0748","3174.6815","1546.1363","4726.8354","2288.1357"
"SEN","20/07/2019","2","3555.6369","0","3.1384","3314.8002","20499.4335","361.1883","598.4294","2389.3789","1548.3507","4706.2078","2273.5088"
"SEN","20/07/2019","3","3300.6702","0","3.1627","3361.9523","20267.6585","344.0995","601.2882","1723.1823","1549.8537","4568.5438","2279.2502"
"SEN","20/07/2019","4","2947.9855","0","3.1629","3378.1079","20085.4062","344.7304","602.9439","1682.117","1550.8155","4544.9634","2145.8595"
"SEN","20/07/2019","5","2856.329","0","3.1354","3373.3365","19940.1278","344.9185","601.0432","1364.5564","1552.1927","4597.2547","2079.6738"
"SEN","20/07/2019","6","2757.2024","0.001","3.1334","3379.8742","19908.3626","344.775","596.7944","1107.8597","1552.9329","4595.4868","2054.4536"
"SEN","20/07/2019","7","2699.6033","9.6935","3.196","3499.5012","19837.52","349.3912","604.5731","1035.5717","1554.0824","4572.8629","2014.7298"
"SEN","20/07/2019","8","2719.8484","104.0275","3.1977","3537.3947","20103.0331","343.3754","603.9459","941.3857","1553.8508","4259.7013","1950.9431"
"SEN","20/07/2019","9","2674.2364","727.8291","2.7005","3543.6934","20682.1423","360.5386","606.6327","1124.2446","1553.9514","4170.6894","1832.616"
"SEN","20/07/2019","10","2890.5914","1690.3531","2.5204","3450.565","21107.2586","361.6901","620.4291","907.3281","1554.2191","4233.6238","1843.626"
"SEN","20/07/2019","11","3204.204","2229.2473","2.9458","3352.8514","21136.6511","361.7053","619.4462","1008.0984","1554.0458","4211.6576","1836.805"
"SEN","20/07/2019","12","3431.041","2485.233","3.6772","3382.1301","21215.9154","358.2103","621.4075","1377.1907","1553.3157","4110.6475","1854.0923"
"SEN","20/07/2019","13","3554.182","2629.4363","3.81","3024.4415","21215.6927","360.8188","620.5563","2059.0361","1552.3291","4133.2312","1847.1778"
"SEN","20/07/2019","14","3468.765","2826.328","3.8761","3019.584","20910.8864","359.8597","608.46","2361.8793","1551.7337","4182.1726","1879.3256"
"SEN","20/07/2019","15","3497.061","2628.3364","3.872","3028.9973","20924.3739","360.7972","594.7006","2423.7355","1550.6162","4212.0834","1981.6558"
"SEN","20/07/2019","16","3432.945","2470.7872","3.8295","2921.1532","20836.1615","359.731","592.5092","2373.7067","1549.3638","4245.9575","2152.6294"
"SEN","20/07/2019","17","3343.3157","2187.6641","3.7952","2982.6189","21025.4223","359.9242","591.5654","2679.6157","1546.5314","4279.6954","2277.623"
"SEN","20/07/2019","18","3370.4617","2037.5599","3.7499","2913.9329","20970.2127","359.6909","612.168","2466.4269","1542.8062","4238.3805","2369.8723"
"SEN","20/07/2019","19","3049.5399","1703.6875","3.7589","2922.8831","21024.0086","370.476","617.67","2614.4631","1539.3339","4279.9841","2373.7027"
"SEN","20/07/2019","20","2909.1296","1043.5557","3.7605","3360.2264","20998.3832","369.8839","619.2955","2867.8221","1538.788","4345.8097","2372.8438"
"SEN","20/07/2019","21","2753.9204","237.2469","3.7576","3665.6681","20785.695","369.2002","621.7153","4062.7916","1540.2987","5189.3417","2344.4011"
"SEN","20/07/2019","22","2457.742","10.283","3.7431","3670.0098","20875.0045","371.8569","621.3957","4859.8113","1542.9592","5389.7015","2304.5405"
"SEN","20/07/2019","23","2375.21","0","3.7573","3668.9126","20119.8483","374.4498","619.4084","4864.7682","1544.9741","5351.3737","2263.6597"
"SEN","20/07/2019","24","2303.6985","0","3.749","3652.7445","19711.2198","375.1592","613.086","4222.8424","1546.8489","5180.7427","2261.9832"
"SEN","21/07/2019","1","2516.5172","0","3.7939","3459.1016","19850.6071","371.4745","613.1928","2910.0517","1548.8314","5046.3256","2106.3616"
"SEN","21/07/2019","2","2622.0394","0","3.8384","3447.47","19397.2411","371.8659","613.9682","2074.34","1549.2533","4870.3268","2018.0751"
"SEN","21/07/2019","3","2820.722","0","3.7814","3457.3785","19330.3234","370.9963","616.6157","1004.9616","1550.2161","4866.1552","2007.125"
"SEN","21/07/2019","4","2812.4047","0","3.7691","3359.5144","19286.207","371.7322","614.4327","797.0083","1552.3922","4364.0467","1953.7725"
"SEN","21/07/2019","5","3040.0302","0","3.7505","2985.7507","19229.7498","370.6414","618.9026","742.5305","1553.2429","3888.5031","1899.603"
"SEN","21/07/2019","6","2855.8447","0","3.7413","2690.8621","19313.2638","371.1912","620.8131","975.6017","1553.9032","3835.9235","1807.3357"
"SEN","21/07/2019","7","2761.4807","9.2879","3.8568","2582.0647","18997.827","370.421","621.0161","1199.6502","1554.2019","3729.7865","1710.8776"
"SEN","21/07/2019","8","2404.256","86.4969","3.8845","2566.7509","18803.9248","366.7861","619.4846","1017.1119","1554.9666","3650.3752","1625.0505"
"SEN","21/07/2019","9","2391.2459","743.6156","3.9375","2573.5346","18200.7073","371.8344","615.1241","1197.5012","1554.6633","3709.9863","1623.076"
"SEN","21/07/2019","10","2813.7486","1730.4403","3.8684","2544.9259","17822.0969","373.0216","611.1422","914.7315","1555.0982","3652.1126","1639.6323"
"SEN","21/07/2019","11","2907.7935","2256.1775","3.5827","2568.0354","17767.8335","364.4944","609.8213","1103.5117","1555.0827","3701.3426","1707.7738"
"SEN","21/07/2019","12","2865.9321","2557.3339","2.4272","2561.6313","17850.8202","356.8128","608.3323","1383.8259","1554.6151","3707.77","1818.2427"
"SEN","21/07/2019","13","2935.1128","2770.2867","2.3756","2585.2147","18055.7531","355.6647","611.5095","1220.0595","1553.5671","3765.4183","1904.5519"
"SEN","21/07/2019","14","2866.1868","2702.99","2.7945","2601.9189","18068.8952","355.3846","611.7464","1592.5579","1552.903","3835.7992","1953.2618"
"SEN","21/07/2019","15","2755.4962","2788.4731","3.795","2575.2332","18157.3759","357.8698","611.7146","1682.7293","1551.8056","3907.7405","1989.1392"
"SEN","21/07/2019","16","2833.0271","2508.469","3.9594","2559.7189","18543.6043","356.3741","610.7235","1777.5059","1549.5869","3992.6011","2013.3064"
"SEN","21/07/2019","17","2819.3375","2362.6784","3.8574","2535.9472","19164.8218","355.563","610.4391","1618.6613","1548.6375","3986.2669","1938.053"
"SEN","21/07/2019","18","2729.1093","2061.62","3.8211","2585.3892","19191.3446","352.2111","614.1883","2011.8349","1548.1226","4077.0196","1951.3181"
"SEN","21/07/2019","19","2496.9745","1696.7021","3.8384","2835.4405","19363.3382","357.0209","613.3658","2282.4041","1547.0742","4150.9033","1965.7739"
"SEN","21/07/2019","20","2393.8185","971.2405","3.8394","2970.488","20145.1025","347.4867","613.937","2372.1681","1547.6298","4260.3861","1985.016"
"SEN","21/07/2019","21","2515.9238","205.0967","3.8112","3639.6414","20484.7543","341.1075","613.3182","3025.4331","1548.1007","4765.6","2202.4118"
"SEN","21/07/2019","22","2733.0283","7.2266","3.7848","3704.6963","20698.0552","343.1864","614.0912","3281.1125","1548.7919","5310.2015","2375.5996"
"SEN","21/07/2019","23","2476.823","0","3.772","3707.6093","20368.6708","341.6331","615.7928","3558.6844","1549.1093","5404.0832","2349.7506"
"SEN","21/07/2019","24","2370.1029","0","3.7523","3640.5792","20078.079","340.0268","614.5099","3361.0695","1550.0356","5154.9038","2279.8523"
"SEN","22/07/2019","1","2285.6448","0","3.7623","3620.757","20045.6099","336.9984","615.4251","2293.0964","1550.845","4912.575","2009.2269"
"SEN","22/07/2019","2","2306.8554","0","3.7675","3615.8165","20042.7796","337.3812","616.487","1338.7389","1550.8185","4630.4194","1886.4407"
"SEN","22/07/2019","3","2086.4099","0","3.7882","3318.708","20022.711","332.1698","617.2801","768.7109","1551.6824","4378.2352","1818.265"
"SEN","22/07/2019","4","1904.4399","0","3.7975","3179.879","19673.0298","329.7772","618.2279","841.8009","1552.3698","4285.0106","1774.9559"
"SEN","22/07/2019","5","1902.3367","0","3.8352","3169.9309","19655.12","331.6244","617.6593","651.1308","1553.555","4304.0139","1739.7643"
"SEN","22/07/2019","6","1862.2071","0","3.7945","3338.507","19436.6323","350.0381","613.6607","1055.8393","1554.5394","4263.529","1706.2103"
"SEN","22/07/2019","7","1866.6942","2.5762","3.8722","3620.7341","19635.9593","358.5668","619.3921","1439.0381","1555.1891","4403.3086","1712.8172"
"SEN","22/07/2019","8","1474.3663","78.3159","3.7792","3624.9662","20039.9624","357.2214","620.2038","1463.3231","1555.3797","5111.0097","1952.4983"
"SEN","22/07/2019","9","1206.1552","835.0165","3.8115","3667.8267","20718.6484","354.6584","603.3792","1303.6095","1555.5326","5557.7886","2124.945"
"SEN","22/07/2019","10","1548.0886","1819.8824","3.8518","3861.1447","20701.8759","351.4967","601.9971","1562.7963","1556.6733","5762.3542","2157.4566"
"SEN","22/07/2019","11","1596.9221","2296.4709","3.8008","3852.5195","20733.38","346.4838","622.0471","2014.9439","1556.0602","5891.6659","2308.5198"
"SEN","22/07/2019","12","1519.2589","2517.9669","3.7528","3860.9023","20790.7948","346.9034","623.4445","2442.6118","1553.4476","5990.7278","2302.0152"
"SEN","22/07/2019","13","1173.9718","2487.8603","3.759","3899.4155","20928.2786","348.8515","620.5736","3232.0248","1550.5171","6110.7157","2381.2409"
"SEN","22/07/2019","14","947.6916","2551.7309","3.7654","3882.7018","20709.1962","349.2763","619.4474","3898.5521","1548.065","6178.7234","2456.0614"
"SEN","22/07/2019","15","1126.5928","2618.0407","3.5215","3876.9145","20563.8701","352.4473","618.8946","4278.2577","1546.2484","6247.7918","2457.7905"
"SEN","22/07/2019","16","1262.8031","2514.9957","3.8016","3886.3055","20545.4887","351.4997","617.002","4965.682","1546.2318","6001.742","2542.4926"
"SEN","22/07/2019","17","1130.849","2329.2545","3.8647","3885.0953","20679.7788","348.964","616.3961","5264.0508","1546.8894","5930.2733","2532.6225"
"SEN","22/07/2019","18","1360.7132","1813.3549","3.8135","3868.7139","20758.8889","349.0166","617.7313","5240.1814","1546.8241","5888.6234","2441.3929"
"SEN","22/07/2019","19","1348.5413","1662.3952","3.7835","3704.1788","21041.7414","351.5509","617.9393","4257.8951","1547.7737","5939.0874","2396.2544"
"SEN","22/07/2019","20","1423.274","866.8432","3.7684","3512.7508","21223.3671","352.3797","619.9712","3866.7008","1548.3628","6052.6921","2442.1217"
"SEN","22/07/2019","21","1318.1442","207.2768","3.7808","3477.7924","21321.8553","354.6226","619.657","5139.2698","1548.1429","6101.6294","2478.6011"
"SEN","22/07/2019","22","1365.3144","7.5133","3.7703","3588.6349","21419.0016","356.3618","620.8332","6021.4516","1548.0803","6088.6131","2491.8865"
"SEN","22/07/2019","23","1186.2991","0.012","3.7851","3655.0018","21277.7458","357.0686","621.3508","6224.3446","1548.2813","6131.8372","2475.6354"
"SEN","22/07/2019","24","1202.0495","0.012","3.9042","3625.0943","20999.6432","355.9464","608.1623","5764.2159","1547.8721","5900.4041","2458.8192"
"SEN","23/07/2019","1","1108.4901","0.012","3.8758","3621.4851","20503.4738","353.3203","601.8288","4672.0324","1547.9652","5667.8937","2325.434"
"SEN","23/07/2019","2","1005.1767","0.012","3.8795","3613.7423","20356.6144","351.5095","622.8619","3550.1001","1549.0909","5726.3972","2266.4719"
"SEN","23/07/2019","3","793.4815","0","3.8815","3615.7969","20121.0072","352.8231","623.7452","2839.3459","1549.34","5656.9016","2173.9139"
"SEN","23/07/2019","4","597.5264","0","3.8878","3612.8045","20169.1311","354.2416","622.958","2362.9089","1550.183","5638.0609","2118.852"
"SEN","23/07/2019","5","394.1666","0","3.8945","3625.5964","20241.5848","354.6091","622.1357","2018.8054","1550.1305","5782.0447","2055.4343"
"SEN","23/07/2019","6","366.4901","0.0026","3.9404","3610.2757","20523.8985","356.1549","622.7483","1643.4272","1550.4437","5869.5992","2025.0007"
"SEN","23/07/2019","7","302.1312","5.5555","3.8652","3622.1596","20931.3253","358.4048","623.9145","1448.6523","1550.9617","5939.1812","2103.2045"
"SEN","23/07/2019","8","266.9175","77.8062","3.774","3594.8067","21284.6785","356.4911","615.2683","1586.9299","1551.7966","6021.6056","2175.6621"
"SEN","23/07/2019","9","220.309","780.3681","3.0803","3687.279","21329.3164","353.6638","602.7064","2075.6476","1552.0536","6128.0461","2200.2404"
"SEN","23/07/2019","10","345.9541","1782.3067","3.1391","3591.6181","21381.2499","339.8568","603.5757","2378.4395","1552.6874","6168.9919","2261.1839"
"SEN","23/07/2019","11","651.5336","2199.9847","3.137","3578.4724","21364.1601","332.5966","608.8453","2672.8283","1552.1736","6103.0704","2357.9224"
"SEN","23/07/2019","12","685.4074","2512.3937","3.1729","3618.8255","21499.2495","332.6362","614.9246","2864.1886","1550.0022","6305.1878","2334.4288"
"SEN","23/07/2019","13","797.5785","2427.1576","3.242","3641.5765","21521.3665","334.325","615.1731","3471.0539","1547.68","6416.5415","2355.2658"
"SEN","23/07/2019","14","670.3273","2206.4742","1.7265","3706.7281","21436.1212","334.4887","615.0607","4232.7823","1546.7599","6467.886","2415.8022"
"SEN","23/07/2019","15","548.8549","2152.7602","0.6818","3707.1516","21312.6977","331.6865","617.9114","4600.5862","1544.2415","6578.9271","2421.0333"
"SEN","23/07/2019","16","850.883","1954.1202","1.1217","3660.5448","21408.8965","321.3119","619.6818","4815.1494","1541.4678","6641.5036","2423.9972"
"SEN","23/07/2019","17","1123.512","1973.5916","1.1606","3568.7804","21275.1277","321.2821","623.0533","4615.9982","1538.7629","6876.4118","2426.0882"
"SEN","23/07/2019","18","871.0977","1766.7419","1.0644","3597.8655","21298.8362","322.9358","620.9353","4158.5658","1538.1568","6949.471","2443.1236"
"SEN","23/07/2019","19","758.8242","1447.6873","1.0306","3477.8138","21377.8458","324.4243","622.2726","3328.1489","1538.5087","6983.4796","2421.1982"
"SEN","23/07/2019","20","644.5091","825.3877","1.1557","3409.2434","21645.0244","325.7516","622.2668","3338.4551","1539.091","6945.4341","2384.169"
"SEN","23/07/2019","21","589.0419","189.2203","1.1037","3429.1685","21843.323","332.8036","623.1754","4530.0079","1539.5894","7025.5393","2407.8784"
"SEN","23/07/2019","22","482.4515","4.9644","1.1334","3433.7329","22000.1508","347.832","625.5103","5559.0009","1539.7684","6930.0419","2400.601"
"SEN","23/07/2019","23","570.1795","0","1.1602","3410.4264","21573.603","347.1837","626.0228","5478.1483","1540.6778","6867.2261","2418.6295"
"SEN","23/07/2019","24","693.9689","0","1.1517","3413.7052","21204.8516","347.0614","626.0415","4372.4106","1541.4379","6828.5185","2413.4722"
"SEN","24/07/2019","1","1104.9263","0","1.1678","3404.8903","20792.0155","345.174","627.8594","2446.3505","1541.9521","6684.3845","2347.7487"
"SEN","24/07/2019","2","1207.5524","0","1.1879","3421.4139","20863.7485","339.6053","629.3538","1343.6794","1541.6069","6392.8368","2296.5415"
"SEN","24/07/2019","3","1240.8665","0","1.1153","3421.8393","20752.6579","322.696","629.4038","898.8878","1542.1809","5969.9954","2300.1459"
"SEN","24/07/2019","4","1199.4994","0","1.0898","3350.3754","20732.1313","322.7606","627.293","750.5682","1541.7708","5426.2574","2157.8547"
"SEN","24/07/2019","5","1004.7024","0","1.1428","3115.1614","20932.9334","327.9312","622.7751","967.0371","1541.5485","5274.6866","2027.9487"
"SEN","24/07/2019","6","895.9046","0","1.1774","3114.5871","21061.8818","348.918","623.3999","959.2476","1541.0431","5174.4139","2001.4793"
"SEN","24/07/2019","7","1137.566","2.4935","1.2593","3111.6536","21249.202","354.607","623.5074","759.0994","1539.8035","5231.6544","2072.3876"
"SEN","24/07/2019","8","1112.6802","78.1403","1.2913","3349.5798","21202.1841","356.2234","621.2628","1025.2699","1538.9616","5532.9449","2133.99"
"SEN","24/07/2019","9","1017.5565","813.4087","1.1615","3680.1635","20854.5501","354.7502","619.9005","1098.4184","1537.3307","5858.69","2279.0152"
"SEN","24/07/2019","10","942.4303","1939.539","1.1279","3698.0186","20976.8116","356.3503","616.5604","1141.3513","1536.5365","5884.3635","2364.3783"
"SEN","24/07/2019","11","542.0859","2290.4527","1.1525","3691.2484","20909.8324","357.4347","612.7075","1820.1412","1535.1388","6254.5043","2357.3528"
"SEN","24/07/2019","12","477.6535","2340.5279","1.1278","3698.3648","21014.7422","357.45","615.2368","2222.6077","1520.8048","6448.9154","2389.0085"
"SEN","24/07/2019","13","468.6824","2380.5745","1.128","3683.6294","21039.2493","356.6238","617.7438","2854.7203","1520.6707","6479.6539","2393.0719"
"SEN","24/07/2019","14","797.6815","2476.0505","1.1596","3564.0101","20912.0578","354.3588","616.4074","2998.111","1528.8816","6552.7191","2429.562"
"SEN","24/07/2019","15","1354.9211","2610.2731","1.122","3498.9466","21083.153","354.4583","618.2384","2522.0663","1527.7054","6568.2828","2441.7987"
"SEN","24/07/2019","16","1771.3914","2452.4385","1.0855","3501.8431","21093.8446","352.5264","618.7392","2641.8838","1525.1641","6572.5525","2480.4554"
"SEN","24/07/2019","17","1758.3377","2253.1763","1.0818","3529.9231","21011.2346","352.2304","619.0426","3105.9035","1524.0392","6538.3573","2464.3165"
"SEN","24/07/2019","18","1754.6647","2166.3782","1.1118","3572.3091","21182.7171","351.9402","614.7358","2539.7002","1525.1127","6397.3216","2546.3592"
"SEN","24/07/2019","19","1427.3833","1778.1465","1.1281","3621.2036","21286.2458","356.552","625.379","2238.0231","1525.4358","6272.4891","2455.7215"
"SEN","24/07/2019","20","1237.052","1042.3189","1.1408","3496.1488","21388.7651","358.9817","625.6405","2399.3793","1524.4459","6371.7249","2425.153"
"SEN","24/07/2019","21","1178.5893","235.2752","1.1443","3406.4169","21675.1426","375.4087","627.1297","3850.305","1525.5018","6552.3388","2463.0767"
"SEN","24/07/2019","22","1166.346","6.2012","1.1125","3385.4465","21599.2664","390.619","626.6358","5072.655","1527.2319","6547.8073","2499.6411"
"SEN","24/07/2019","23","1077.313","0","1.1613","3378.9824","21369.554","386.8553","625.3749","5002.5346","1528.057","6496.2825","2486.9486"
"SEN","24/07/2019","24","1211.5487","0","1.161","3381.1808","21046.8508","387.2913","627.0796","4003.8421","1528.2335","6477.5915","2487.2592"
"SEN","25/07/2019","1","1477.9438","0","1.0677","3522.9193","20749.0412","386.5611","628.8619","2339.6488","1528.3538","6502.5509","2334.4714"
"SEN","25/07/2019","2","1357.0509","0","1.1027","3550.5929","20572.429","365.2728","626.9211","1436.5274","1530.5139","6291.0642","2283.776"
"SEN","25/07/2019","3","1424.7706","0","1.195","3553.8432","20618.4718","355.439","624.9941","1081.3632","1530.1665","5440.6928","2276.0705"
"SEN","25/07/2019","4","1466.3773","0","1.1205","3413.3963","20456.1595","355.4623","625.6785","1017.1879","1529.7168","5052.5845","2227.8946"
"SEN","25/07/2019","5","1417.4629","0","1.1551","3398.5886","20386.2126","353.7977","625.6118","985.1385","1530.0842","5013.9594","2144.2332"
"SEN","25/07/2019","6","1449.5","0","1.1441","3405.62","20389.1743","354.9544","625.5928","991.0886","1530.1157","4920.0248","2092.2479"
"SEN","25/07/2019","7","1423.661","2.9048","1.1326","3348.6691","20734.9056","354.7659","625.1444","1095.4005","1531.0562","5026.7093","2088.3828"
"SEN","25/07/2019","8","1345.1712","81.275","1.1504","3229.9711","21121.5956","354.9947","619.9627","964.1616","1531.2392","5556.5983","2109.8037"
"SEN","25/07/2019","9","1564.1364","741.2058","1.1943","3300.293","21189.3031","352.2105","617.9994","733.4331","1531.403","6065.106","2198.8551"
"SEN","25/07/2019","10","1791.7066","1631.0607","1.2108","3238.3725","21299.5173","349.4225","617.6032","1006.273","1530.796","5891.1611","2344.2758"
"SEN","25/07/2019","11","2045.575","2321.1659","1.1305","3258.2524","21205.709","351.4276","617.4384","1117.3651","1529.9789","5695.1096","2433.8865"
"SEN","25/07/2019","12","2091.6191","2551.8757","1.1063","3302.3719","21276.3869","353.5962","611.1943","1360.1192","1528.2524","5760.7224","2491.2338"
"SEN","25/07/2019","13","2041.9425","2502.6836","1.1018","3318.0366","21201.5646","373.5214","607.0788","2123.5926","1527.5591","5821.2036","2461.2807"
"SEN","25/07/2019","14","2006.0145","2620.7958","1.1055","3353.5827","21139.9688","390.4777","605.5675","2506.9335","1526.9296","5810.7048","2422.2345"
"SEN","25/07/2019","15","2018.2429","2493.5351","1.1021","3399.3956","21145.9061","393.5214","612.0919","3159.3895","1525.2841","5713.0353","2414.9384"
"SEN","25/07/2019","16","1820.983","2386.8625","1.1768","3577.6464","21223.5518","391.971","614.7957","3556.1341","1522.9367","5779.0165","2421.8072"
"SEN","25/07/2019","17","1786.954","2386.0185","1.1814","3620.3213","21432.8595","390.5801","623.8185","3778.1075","1522.0158","5752.3376","2423.5179"
"SEN","25/07/2019","18","1804.4254","2161.5922","1.1683","3635.0704","21779.0918","392.6598","623.6228","3671.2452","1522.5452","5539.1327","2439.4971"
"SEN","25/07/2019","19","1553.3033","1848.5375","1.1308","3632.2641","21660.9166","395.6019","624.6643","3342.1824","1522.1592","5522.5622","2435.5639"
"SEN","25/07/2019","20","1321.0833","1219.568","1.1578","3580.8588","21711.4843","395.1698","626.7187","3436.8827","1523.1473","5562.8819","2351.5816"
"SEN","25/07/2019","21","1963.1567","241.4557","1.1635","3371.0204","22074.6846","400.0416","630.175","4044.9934","1524.1526","5739.7506","2322.5198"
"SEN","25/07/2019","22","2291.1629","4.9844","1.2043","3333.6419","21537.0852","402.1547","630.3743","5073.3809","1524.3261","5691.2197","2376.667"
"SEN","25/07/2019","23","2098.1176","0","1.1932","3361.4214","21300.0809","401.7475","630.6297","5035.378","1525.7096","5739.2951","2401.3473"
"SEN","25/07/2019","24","1732.8729","0","1.1315","3381.6286","21111.3374","401.7074","627.7024","4910.1558","1526.5889","5665.2403","2344.7098"
"SEN","26/07/2019","1","1757.5689","0","1.1462","3422.1749","20800.0841","400.4764","626.1052","3831.4837","1527.0064","5239.7359","2361.7169"
"SEN","26/07/2019","2","1841.6564","0","1.1487","3393.4692","20533.9629","390.3364","625.0674","2796.3286","1527.547","5000.6982","2179.7135"
"SEN","26/07/2019","3","1710.344","0","1.132","3401.5771","20446.5391","369.7778","624.9893","2073.0229","1527.86","4840.1581","2112.2722"
"SEN","26/07/2019","4","1349.676","0","1.1709","3414.8988","20327.8758","400.4688","627.2918","1708.9987","1528.2601","4839.7993","2060.2787"
"SEN","26/07/2019","5","1256.838","0","1.1914","3399.5348","20344.107","399.7734","627.6001","1618.8863","1528.6533","4768.1633","2044.0967"
"SEN","26/07/2019","6","1296.44","0","1.2043","3383.8864","20282.0444","401.7976","628.1717","1555.4817","1529.3232","4625.8445","2013.8459"
"SEN","26/07/2019","7","1597.7074","6.3669","1.1391","3430.9943","20629.8663","402.4091","629.5574","1492.0389","1529.4124","4747.5733","2007.7357"
"SEN","26/07/2019","8","1424.8135","100.9113","1.1646","3425.6852","20915.5386","402.447","629.3583","1730.1388","1529.7163","4748.0767","2110.3249"
"SEN","26/07/2019","9","1291.2626","1020.5883","1.1693","3408.1323","21134.8982","399.7864","626.7142","2041.512","1529.9715","4766.8361","2202.415"
"SEN","26/07/2019","10","1322.2831","2253.9303","0.8713","3637.9321","21417.7391","395.5528","624.79","1878.8501","1531.3104","4664.1228","2253.1132"
"SEN","26/07/2019","11","1480.2084","2802.3934","0.9223","3662.4975","21310.5084","394.4507","625.1754","2111.7382","1531.445","4806.8446","2265.7766"
"SEN","26/07/2019","12","1873.4866","2961.2843","0.86","3653.3336","21235.9712","397.4351","618.3201","2312.9924","1531.7827","4782.4127","2334.3887"
"SEN","26/07/2019","13","2294.703","2981.2499","0.9967","3643.2137","21383.4633","396.5123","617.343","2474.8188","1532.2482","4731.8307","2372.9058"
"SEN","26/07/2019","14","2579.6022","2941.8341","0.8779","3739.0424","21434.0642","394.8488","617.2368","2462.6957","1530.7748","4755.0917","2399.7958"
"SEN","26/07/2019","15","2659.3568","2873.2541","1.0639","3753.981","21375.098","393.6061","617.8028","2822.3887","1527.6202","4748.9811","2413.4559"
"SEN","26/07/2019","16","2819.6494","2905.5804","0.8378","3748.4694","21482.9935","394.4282","616.5721","3001.6425","1524.7119","4752.4333","2455.2453"
"SEN","26/07/2019","17","2797.8735","2666.7321","0.8952","3771.7732","21650.4402","393.1518","625.3113","3388.1325","1521.5688","4629.0022","2459.7539"
"SEN","26/07/2019","18","2915.2822","2440.3365","1.1904","3706.3342","21534.7795","394.0886","625.1907","3152.6626","1520.5258","4568.2995","2425.6428"
"SEN","26/07/2019","19","2826.9898","2110.9206","1.1194","3692.4607","21846.0121","391.9357","624.5257","2521.8891","1520.1312","4531.9523","2384.5893"
"SEN","26/07/2019","20","2894.2083","1133.95","1.142","3551.4723","22025.6777","391.6734","625.0963","2752.9881","1520.4227","4521.6434","2375.3265"
"SEN","26/07/2019","21","3126.7783","159.2998","1.167","3411.1173","22454.8601","398.8154","623.3498","3439.4871","1515.743","4528.1756","2438.7463"
"SEN","26/07/2019","22","3232.9434","6.2039","1.1582","3403.6487","22074.06","399.5291","623.3168","4672.0191","1513.5959","4461.887","2473.0336"
"SEN","26/07/2019","23","3158.4257","0","1.2011","3403.9862","21845.7633","397.7627","625.6062","4886.0157","1514.8151","4370.8427","2471.3775"
"SEN","26/07/2019","24","3174.5307","0","1.2167","3358.7359","21637.9756","394.6866","626.2422","4367.9025","1515.9048","4244.4674","2472.5683"
"SEN","27/07/2019","1","3360.2616","0","1.2241","3126.5097","21197.8959","394.0864","627.6809","3958.8617","1516.7056","3950.362","2194.2488"
"SEN","27/07/2019","2","3187.9207","0","1.2821","2954.2191","20822.5525","393.6064","627.7241","3618.1883","1517.1218","3778.4914","2016.8115"
"SEN","27/07/2019","3","3063.8681","0","1.3287","2999.8691","20953.9202","393.7444","627.636","2696.1046","1517.3886","3767.0301","1908.3516"
"SEN","27/07/2019","4","2856.4082","0","1.1849","3005.3541","20834.2557","395.1339","627.1569","2158.0312","1522.2099","3738.067","1792.0009"
"SEN","27/07/2019","5","2481.8938","0","1.1836","3089.4985","21074.3737","394.9152","624.8679","1888.4304","1527.656","3780.8367","1897.0082"
"SEN","27/07/2019","6","2259.4564","0","1.2203","3028.327","21122.1637","394.8966","626.3514","1703.4097","1522.7094","3699.4474","1891.5918"
"SEN","27/07/2019","7","2439.5281","6.8693","1.2065","3029.7113","21195.9485","397.513","626.6444","1689.221","1244.4371","3761.9715","1867.6408"
"SEN","27/07/2019","8","2513.5068","103.4813","1.1098","3016.8964","20981.2938","401.1921","625.3466","1527.0279","1195.2291","3747.8592","1853.2347"
"SEN","27/07/2019","9","2422.7767","964.3473","1.112","2898.0845","21139.582","392.4811","625.8494","1619.4269","1191.7151","3840.7895","1881.4432"
"SEN","27/07/2019","10","2399.2336","2211.4112","1.1464","3009.3807","20955.9044","389.0596","625.2059","1650.2171","1190.2791","3921.2212","1887.4115"
"SEN","27/07/2019","11","2737.1641","2830.2489","1.1656","3014.7057","20915.1264","387.1578","626.4208","1772.9583","1189.4689","3845.5326","1953.5063"
"SEN","27/07/2019","12","3028.1961","3009.8943","1.1723","3006.8701","20849.7349","387.1122","626.1221","2077.2412","1191.3258","3754.1421","2062.5524"
"SEN","27/07/2019","13","3181.5259","3028.1379","1.2364","3079.6719","20793.1455","388.3903","625.3788","2504.4658","1191.1968","3771.7833","2042.7057"
"SEN","27/07/2019","14","3317.4049","2931.5994","1.1914","3193.1631","20690.7397","385.8562","624.9502","2724.7533","1192.5163","3803.1299","2053.9133"
"SEN","27/07/2019","15","3438.9696","2802.2937","1.1763","2748.1192","20561.5277","386.1893","625.1165","3012.4062","1205.6455","3903.8158","2066.9875"
"SEN","27/07/2019","16","3562.5956","2755.0034","1.17","2554.1403","20333.2286","386.3613","624.0512","3221.4649","1233.9115","3969.8693","2060.6045"
"SEN","27/07/2019","17","3623.1482","2563.6381","1.1815","2554.158","20317.016","384.7931","623.818","3400.7073","1229.1387","3927.7017","2062.1772"
"SEN","27/07/2019","18","3735.4959","2363.3381","1.1238","2557.4582","20551.8371","386.0377","624.0346","3057.0574","1229.3451","3960.0727","2059.5147"
"SEN","27/07/2019","19","3649.9159","1898.686","1.1873","2558.7595","20553.8929","387.5747","624.6716","3128.8947","1228.4185","4030.897","2042.5531"
"SEN","27/07/2019","20","3567.5426","1047.2041","1.1218","2570.1177","20376.6723","389.2484","625.0226","3745.8629","1230.678","4299.8908","2086.1445"
"SEN","27/07/2019","21","3564.3408","157.1796","1.155","3003.6772","20688.5228","398.711","623.8252","4943.3911","1227.6139","4630.2798","2203.2225"
"SEN","27/07/2019","22","3905.267","7.2384","1.1966","2948.9163","20697.3294","401.333","620.7676","5221.6043","1228.6111","4976.7378","2268.6027"
"SEN","27/07/2019","23","4017.3555","0","1.1938","2950.9309","20567.8867","403.4553","622.9015","4520.5209","1233.051","4952.5567","2296.9941"
"SEN","27/07/2019","24","4024.6467","0","1.1772","2909.7211","20424.414","402.8932","623.5543","3458.9719","1234.6084","4929.3175","2215.3289"
"SEN","28/07/2019","1","3986.3051","0","1.2597","2913.9336","20300.3877","401.9832","626.0053","2149.3137","1233.768","4943.3745","2083.7843"
"SEN","28/07/2019","2","3552.472","0","1.2287","3027.0381","20014.601","402.1679","626.2586","1723.335","1232.3158","4818.3938","1915.3523"
"SEN","28/07/2019","3","3610.9459","0","1.1729","3108.9095","19994.9888","398.0324","625.6639","1168.9568","1233.8508","4308.0397","1623.9174"
"SEN","28/07/2019","4","3754.9365","0","1.1209","2866.5709","19762.8608","397.9072","624.7739","1038.6661","1236.4131","3866.4896","1575.1164"
"SEN","28/07/2019","5","3708.4833","0","1.1311","2260.5527","19822.9929","398.9582","624.0725","1226.6993","1236.5889","3863.8048","1500.9942"
"SEN","28/07/2019","6","3450.8881","0","1.11","2145.416","19652.6663","388.4589","624.024","1427.9676","1239.1956","3740.2907","1494.3141"
"SEN","28/07/2019","7","3072.624","4.3695","1.1708","2143.99","19284.8035","389.08","623.9969","1588.3767","1242.0047","3654.185","1489.1828"
"SEN","28/07/2019","8","3288.2901","89.7841","1.126","2123.3822","18600.7492","389.3152","620.0539","1534.2818","1244.2103","3641.4788","1472.5951"
"SEN","28/07/2019","9","3287.0436","895.5657","1.1288","2144.9895","18546.6441","389.2879","616.9759","1134.8744","1209.0838","3668.648","1456.9294"
"SEN","28/07/2019","10","3571.167","1793.8216","1.1537","2142.0345","18181.0196","389.0229","615.9946","1610.9462","984.1935","3650.5296","1436.785"
"SEN","28/07/2019","11","3793.1222","2485.5117","1.1651","2128.9084","17916.3566","388.4456","618.1229","1436.6261","952.1758","3626.1511","1420.0887"
"SEN","28/07/2019","12","3744.4021","2746.1304","1.2029","2154.0971","17793.5692","387.0734","620.7222","1878.1541","952.4211","3659.7018","1475.9449"
"SEN","28/07/2019","13","3828.724","2817.4383","1.2367","2150.2849","17737.302","386.207","619.8359","2239.5288","974.9425","3689.0078","1468.7914"
"SEN","28/07/2019","14","3851.4891","2872.5871","1.1709","2154.1819","17919.0093","383.9902","621.3244","2236.4272","1107.996","3724.9092","1476.5539"
"SEN","28/07/2019","15","3746.2434","2806.9401","1.2088","2154.1267","18080.697","371.1799","622.7466","2400.0195","1202.4211","3793.7567","1519.8813"
"SEN","28/07/2019","16","3734.6552","2591.5214","1.1479","2155.1098","18487.11","362.9922","623.3686","2515.3063","1221.3902","3859.6021","1545.828"
"SEN","28/07/2019","17","3791.0639","2280.098","1.0288","2144.8979","18841.6169","361.8048","622.6187","2500.3307","1224.5274","3859.9171","1564.0825"
"SEN","28/07/2019","18","3977.8614","2071.738","1.0296","2139.2627","19470.0613","360.8301","621.2356","2073.131","1225.6837","3881.3737","1599.8645"
"SEN","28/07/2019","19","4043.8963","1562.0694","1.0294","2130.9971","19603.1228","363.176","618.1186","2407.6786","1227.3002","3889.6319","1632.5914"
"SEN","28/07/2019","20","3803.1177","799.8677","1.1024","2331.195","20532.1341","372.8427","620.0812","2337.4121","1230.7672","3889.7253","1742.3112"
"SEN","28/07/2019","21","3034.6853","98.7098","1.1333","3024.1102","21389.1496","399.5037","623.1635","3326.436","1238.4149","4326.0876","2022.6138"
"SEN","28/07/2019","22","2136.4996","2.528","1.1662","3213.552","21687.7889","397.1511","623.5557","4496.1322","1237.0704","4868.2814","2155.1278"
"SEN","28/07/2019","23","2650.8333","0","1.2845","3301.6763","21710.8524","395.0866","620.986","4045.0691","1237.7037","4864.6718","2133.8229"
"SEN","28/07/2019","24","3447.3552","0","1.0872","3146.2842","21700.2421","396.5426","619.8363","2612.3744","1237.743","4381.3839","2138.7994"
"SEN","29/07/2019","1","3320.3753","0","1.1633","3017.7124","21651.658","391.6707","620.1596","1453.2137","1239.9918","4066.0613","2179.5558"
"SEN","29/07/2019","2","3144.5221","0","1.12","2616.5352","21413.8424","395.4545","611.9898","1219.1394","1239.2773","3908.9039","2103.5369"
"SEN","29/07/2019","3","3339.2895","0","1.1179","2230.2697","20749.5466","395.0788","606.2834","1131.9448","1241.0272","3860.8738","2019.8728"
"SEN","29/07/2019","4","3439.2529","0","1.1324","2138.2262","20058.2723","398.1654","608.8022","1016.5053","1242.6897","3755.0318","2001.8736"
"SEN","29/07/2019","5","3290.6352","0","1.2478","2135.2563","19914.64","402.6577","619.4855","1026.3573","1245.6403","3771.1027","1928.2823"
"SEN","29/07/2019","6","3266.4968","0","1.2596","2134.5019","20024.9114","402.8688","615.4744","1059.0899","1247.7749","3731.7895","1919.5828"
"SEN","29/07/2019","7","3072.9208","7.1407","1.2317","2182.5596","20933.8398","401.6463","614.9299","1236.1096","1249.8265","3886.327","1975.6389"
"SEN","29/07/2019","8","3017.2625","82.616","1.2112","2366.0523","21550.3676","398.5187","612.7159","1254.3681","1251.5058","4022.2006","2082.2933"
"SEN","29/07/2019","9","2693.9607","861.0439","1.2126","2741.8279","21750.2474","391.658","610.0297","1598.8502","1252.9687","4111.2256","2126.7611"
"SEN","29/07/2019","10","2372.6312","1711.0005","1.2011","3291.1905","21725.6358","390.5394","605.3326","1866.5822","1254.0892","4517.0013","2197.1553"
"SEN","29/07/2019","11","2605.5004","2075.1846","1.1664","3387.5969","21796.8241","394.6455","611.5614","1914.2466","1254.9637","4979.5014","2237.4097"
"SEN","29/07/2019","12","2767.713","2454.9866","1.1738","3445.579","21765.6865","380.9035","621.0582","1768.621","1255.4043","5253.7938","2324.5977"
"SEN","29/07/2019","13","2981.2768","2570.39","1.194","3459.6642","21838.7779","353.9027","619.2073","2116.2229","1255.4071","5297.5877","2375.2785"
"SEN","29/07/2019","14","3114.0207","2456.1824","1.1305","3449.2769","21684.0153","352.5175","619.7663","2631.117","1254.6177","5267.7908","2482.5596"
"SEN","29/07/2019","15","3425.3585","2243.6344","1.0951","3476.7023","21741.8939","353.9296","607.4697","2885.8148","1253.2001","5288.0832","2510.0261"
"SEN","29/07/2019","16","3469.0687","2062.6879","1.0742","3474.2561","21775.6667","353.3501","593.9029","3233.5829","1250.8897","5271.3923","2566.5692"
"SEN","29/07/2019","17","3564.7164","1816.6663","1.0563","3476.8261","21815.4131","351.4263","593.4902","3631.5833","1246.3289","5261.9121","2552.0174"
"SEN","29/07/2019","18","3489.6849","1587.5034","1.198","3472.2996","21904.0553","352.085","593.9186","3405.7093","1249.8314","5211.452","2510.9056"
"SEN","29/07/2019","19","3365.7149","1179.3331","1.1939","3324.0836","21759.39","353.8888","594.0525","3112.5887","1249.8221","5137.505","2501.0003"
"SEN","29/07/2019","20","3163.9217","551.0457","1.1742","3230.1492","21975.028","353.1764","596.941","2974.2849","1245.5219","5257.6106","2510.1843"
"SEN","29/07/2019","21","2945.9604","83.9652","1.1731","3238.5326","21947.8688","354.9152","598.0457","4444.0108","1242.1905","5315.5616","2576.0009"
"SEN","29/07/2019","22","2619.3087","2.023","1.1646","3229.8904","22092.1115","357.7296","613.1716","5563.5184","1243.8901","5364.075","2569.2792"
"SEN","29/07/2019","23","2646.6477","0","1.1442","3215.7586","21969.6255","362.6994","620.4825","5600.5953","1247.9563","5211.6542","2607.0716"
"SEN","29/07/2019","24","2938.2248","0","1.1501","3214.2772","21355.4635","385.3121","618.2345","4960.9202","1252.3984","5216.0303","2590.7565"
"SEN","30/07/2019","1","2934.3171","0","1.1164","3217.026","20913.2238","397.4989","621.3544","3500.8434","1254.9758","5350.2966","2556.9021"
"SEN","30/07/2019","2","2776.1585","0","1.0894","3207.0922","20615.2107","397.3682","622.2756","2529.5111","1256.9307","5379.737","2363.5146"
"SEN","30/07/2019","3","2630.813","0","1.0849","3037.0719","21224.8548","388.0646","623.512","2106.8557","1256.7615","4573.7376","2275.7938"
"SEN","30/07/2019","4","2618.0911","0","1.1751","2716.2152","21306.3435","373.9658","622.8646","2025.4556","1256.5687","4191.7613","2261.9271"
"SEN","30/07/2019","5","2682.2596","0","1.2078","2663.2332","21411.3879","377.1666","622.0756","1511.6726","1256.2871","4121.2082","2191.0245"
"SEN","30/07/2019","6","2535.1798","0","1.2188","2842.9752","21577.3138","379.3024","620.235","1368.0819","1256.3112","3989.6242","2160.12"
"SEN","30/07/2019","7","2595.194","6.4127","1.2427","3129.2801","21397.3491","392.2584","622.8002","1732.8713","1256.1466","4013.48","2124.0592"
"SEN","30/07/2019","8","2714.0985","78.0182","1.2208","3160.6497","21776.6247","401.8803","624.9214","1658.4725","1256.2404","4162.7965","2138.1832"
"SEN","30/07/2019","9","2776.6438","694.4572","1.1804","3295.8155","21602.0498","400.9038","624.875","1945.661","1258.6759","4391.2389","2194.9886"
"SEN","30/07/2019","10","3055.686","1601.7801","0.863","3304.0277","21300.5428","399.7052","622.2451","1826.4014","1261.8293","5169.3719","2193.8816"
"SEN","30/07/2019","11","3201.4925","2250.7061","0.4645","3388.4807","21534.9273","400.2156","604.2675","1397.0123","1262.5989","5515.5801","2336.2546"
"SEN","30/07/2019","12","3180.7136","2566.5822","0.4694","3355.6043","21446.9854","397.5263","591.8667","2049.216","1260.9055","5409.5549","2427.1861"
"SEN","30/07/2019","13","3160.731","2706.3818","0.4679","3311.4536","21550.3379","395.7471","591.1628","2541.71","1260.5858","5409.8508","2418.4872"
"SEN","30/07/2019","14","3152.0741","2785.3068","0.5019","3311.1112","21622.6291","396.5171","592.1709","3040.1426","1260.6058","5378.6537","2410.3027"
"SEN","30/07/2019","15","3130.8181","2774.4971","0.5689","3292.1473","21659.8438","396.6931","588.2385","3461.2458","1256.4563","5333.6828","2438.6825"
"SEN","30/07/2019","16","3198.0887","2558.8843","0.5529","3327.014","21731.8689","397.3753","586.6762","4036.5759","1254.6351","5427.7165","2489.1273"
"SEN","30/07/2019","17","3266.9","2380.2146","0.521","3307.2708","21729.665","376.2614","588.9507","4400.1391","1251.9792","5460.2324","2507.351"
"SEN","30/07/2019","18","3310.8259","1983.6323","0.4944","3259.8314","21805.2885","369.3496","589.5033","4352.3256","1248.7963","5410.0765","2489.064"
"SEN","30/07/2019","19","3318.7046","1475.3873","0.5388","3280.3409","21688.8044","373.9585","589.7974","3694.4192","1246.9563","5494.8963","2437.9911"
"SEN","30/07/2019","20","3170.8044","809.671","0.872","3262.5998","21715.3718","377.3946","579.9044","3727.7035","1245.4488","5455.2214","2462.8332"
"SEN","30/07/2019","21","3297.6066","94.013","1.1653","3290.7671","21874.4023","376.1308","588.1932","4557.622","1244.9391","5572.1194","2549.9195"
"SEN","30/07/2019","22","3318.967","3.6507","1.0816","3324.9234","21998.5873","376.5431","600.2057","5519.4231","1245.7653","5636.2938","2561.5025"
"SEN","30/07/2019","23","3569.6921","0","1.0751","3273.4124","21785.6278","377.2959","599.544","5444.4418","1247.3979","5561.6039","2617.4168"
"SEN","30/07/2019","24","3556.3425","0","1.1179","3283.3015","21681.7695","377.4561","594.8402","4643.7675","1248.7202","5593.2393","2639.9891"
"SEN","31/07/2019","1","3492.0322","0","1.1388","3276.9871","21680.2993","372.8097","585.9004","2754.346","1250.3028","5559.924","2564.5777"
"SEN","31/07/2019","2","3310.6051","0","1.1707","3295.2792","21530.7522","356.3924","563.4012","1441.9834","1251.2335","5578.3579","2506.995"
"SEN","31/07/2019","3","3352.1768","0","1.1989","3359.0118","21274.9186","356.4309","570.3896","1100.4345","1253.0873","5269.1524","2325.2233"
"SEN","31/07/2019","4","3448.3573","0","1.1986","3118.9972","21130.7947","358.293","572.4126","1058.5639","1253.3313","4448.7104","2291.8783"
"SEN","31/07/2019","5","3134.8244","0","1.1545","3046.8158","21122.4235","357.1592","572.4392","1021.1705","1248.9794","4319.2206","2281.3127"
"SEN","31/07/2019","6","2772.9945","0","0.9762","3058.6437","21243.9253","359.2494","572.1135","1145.6573","1250.6718","4253.895","2285.4141"
"SEN","31/07/2019","7","2742.085","1.6206","1.2057","3203.2311","21267.5394","361.0051","574.5799","1272.3734","1252.0532","4280.9381","2299.1775"
"SEN","31/07/2019","8","3003.8757","66.5844","1.2054","3379.3508","21128.3177","359.1234","572.8078","1445.9717","1262.7938","4263.5556","2299.4941"
"SEN","31/07/2019","9","2764.9596","854.4022","1.2276","3354.0305","21158.0019","357.8372","571.5755","1900.1786","1262.1175","4515.3963","2290.9746"
"SEN","31/07/2019","10","2439.0847","2049.0919","1.1548","3370.302","21163.9109","356.1283","568.7606","2172.0979","1260.4632","4990.0602","2287.391"
"SEN","31/07/2019","11","2497.8694","2595.3702","1.1421","3395.0449","21205.3555","356.6803","564.5399","2364.9724","1257.4588","5080.0754","2385.8607"
"SEN","31/07/2019","12","2669.2132","2770.6443","1.188","3406.4357","21305.9886","353.6664","572.0241","2544.2772","1255.4137","5426.4211","2437.9606"
"SEN","31/07/2019","13","2957.7807","2919.1267","1.558","3367.3789","21252.5221","353.8762","576.075","2797.0242","1253.3442","5562.5503","2508.3359"
"SEN","31/07/2019","14","3072.5863","3041.0197","3.7635","3378.7579","21205.5199","353.8745","585.9685","2984.0506","1250.8472","5607.9145","2495.6224"
"SEN","31/07/2019","15","3034.5159","2980.3089","3.822","3364.4888","21073.0706","355.008","589.2014","3509.8562","1249.6239","5688.7509","2509.7332"
"SEN","31/07/2019","16","2974.8206","2912.9449","3.8433","3310.058","21276.862","356.0273","590.2308","4004.152","1249.7372","5833.1679","2505.0955"
"SEN","31/07/2019","17","3101.3307","2709.2517","3.7567","3324.2749","21321.6641","352.6875","591.6246","4279.4497","1250.4402","5934.3624","2545.7983"
"SEN","31/07/2019","18","3301.2256","2459.3289","3.796","3332.6183","21195.0222","351.7031","590.6725","3851.9665","1251.221","5941.178","2536.3544"
"SEN","31/07/2019","19","3468.8468","2050.0238","2.8197","3365.298","21088.9989","355.7042","590.9064","3230.8308","1250.983","5925.3455","2533.5035"
"SEN","31/07/2019","20","3444.2331","1142.5612","2.5385","3382.6265","21302.579","356.6403","587.7913","3034.7028","1250.9921","5983.7173","2536.2461"
"SEN","31/07/2019","21","3460.8857","186.8153","2.5121","3277.589","21367.6188","357.6568","585.2497","4595.4161","1250.8778","5914.0184","2564.7826"
"SEN","31/07/2019","22","3686.5952","4.74","2.5253","3161.7507","21423.842","359.4475","586.398","5586.8225","1250.4964","5917.3564","2601.2134"
"SEN","31/07/2019","23","3619.7879","0.0001","2.5722","3222.0309","21340.948","360.1973","601.4909","5654.9281","1249.9278","5917.6938","2616.9065"
"SEN","31/07/2019","24","3442.7057","0.0001","2.5825","3180.3267","21149.9966","359.8301","613.1376","5163.331","1249.8179","5817.2166","2579.4307"
